
#ignore	\o042			
#exchange	#	\x20		

#table	Param																																		
#columntype	Dword	Dword	Dword	Dword	Dword	Dword	Dword	Dword	Dword	Dword	Dword	Dword	Dword	Dword	Dword	Dword	Dword	Dword	Dword	Dword	Dword	Dword	Dword	Dword	Dword	Dword	Dword	Dword	Dword	Word	Word	DWord	DWord		
#columnname	Level	Strength	Constitution	Intelligence	Wizdom	Dexterity	MentalPower	SoulHP	MAXSoulHP	PriceHPStone	SoulSP	MAXSoulSP	PriceSPStone	AtkPerAP	DmgPerAP	MaxPwrStone	NumPwrStone	PricePwrStone	PwrStoneWC	PwrStoneMA	MaxGrdStone	NumGrdStone	PriceGrdStone	GrdStoneAC	GrdStoneMR	PainRes	RestraintRes	CurseRes	ShockRes	MaxHP	MaxSP	CharTitlePt	SkillPwrPt		
#record	1 	8 	8 	13 	0 	11 	9 	29 	12 	2 	36 	15 	2 	0 	0 	0 	0 	0 	0 	0 	0 	0 	0 	0 	0 	0 	0 	0 	0 	68 	84 	1 	0 		
#record	2 	8 	8 	14 	1 	12 	11 	37 	12 	3 	51 	16 	3 	0 	0 	0 	0 	0 	0 	0 	0 	0 	0 	0 	0 	0 	0 	0 	0 	77 	95 	1 	0 		
#record	3 	9 	9 	15 	2 	13 	12 	45 	13 	4 	67 	17 	4 	0 	0 	0 	0 	0 	0 	0 	0 	0 	0 	0 	0 	0 	0 	0 	0 	85 	105 	1 	1 		
#record	4 	11 	11 	18 	3 	15 	14 	53 	14 	5 	82 	18 	5 	0 	0 	0 	0 	0 	0 	0 	0 	0 	0 	0 	0 	0 	0 	0 	0 	94 	116 	1 	1 		
#record	5 	13 	12 	20 	4 	17 	15 	58 	14 	6 	100 	20 	5 	0 	0 	0 	0 	0 	0 	0 	0 	0 	0 	0 	0 	0 	0 	0 	0 	102 	126 	1 	2 		
#record	6 	14 	13 	23 	5 	19 	17 	63 	15 	6 	119 	21 	6 	0 	0 	0 	0 	0 	0 	0 	0 	0 	0 	0 	0 	0 	0 	0 	0 	111 	137 	2 	2 		
#record	7 	15 	15 	25 	6 	21 	19 	76 	16 	7 	133 	23 	7 	0 	0 	0 	0 	0 	0 	0 	0 	0 	0 	0 	0 	0 	0 	0 	0 	119 	147 	2 	3 		
#record	8 	17 	16 	28 	7 	23 	21 	83 	16 	8 	152 	24 	8 	0 	0 	0 	0 	0 	0 	0 	0 	0 	0 	0 	0 	0 	0 	0 	0 	128 	158 	2 	3 		
#record	9 	18 	18 	30 	8 	25 	23 	93 	17 	9 	170 	26 	9 	0 	0 	0 	0 	0 	0 	0 	0 	0 	0 	0 	0 	0 	0 	0 	0 	136 	168 	2 	4 		
#record	10 	20 	19 	33 	9 	27 	24 	102 	18 	10 	185 	27 	10 	0 	0 	0 	0 	0 	0 	0 	0 	0 	0 	0 	0 	0 	0 	0 	0 	145 	179 	2 	4 		
#record	11 	22 	20 	35 	10 	29 	26 	115 	19 	11 	203 	28 	10 	0 	0 	0 	0 	0 	0 	0 	0 	0 	0 	0 	0 	0 	0 	0 	0 	153 	189 	2 	5 		
#record	12 	23 	22 	38 	11 	32 	28 	124 	20 	12 	222 	30 	11 	0 	0 	0 	0 	0 	0 	0 	0 	0 	0 	0 	0 	0 	0 	0 	0 	162 	200 	3 	5 		
#record	13 	25 	24 	40 	12 	34 	30 	133 	21 	13 	236 	31 	12 	0 	0 	0 	0 	0 	0 	0 	0 	0 	0 	0 	0 	0 	0 	0 	0 	170 	210 	3 	6 		
#record	14 	26 	25 	43 	13 	36 	33 	142 	22 	13 	255 	33 	13 	0 	0 	0 	0 	0 	0 	0 	0 	0 	0 	0 	0 	0 	0 	0 	0 	179 	221 	3 	6 		
#record	15 	28 	27 	45 	14 	38 	34 	155 	23 	14 	273 	34 	14 	0 	0 	0 	0 	0 	0 	0 	0 	0 	0 	0 	0 	0 	0 	0 	0 	187 	231 	3 	7 		
#record	16 	29 	28 	48 	15 	40 	36 	164 	24 	15 	288 	36 	15 	0 	0 	0 	0 	0 	0 	0 	0 	0 	0 	0 	0 	0 	0 	0 	0 	196 	242 	3 	7 		
#record	17 	31 	29 	50 	16 	42 	38 	173 	25 	16 	306 	37 	15 	0 	0 	0 	0 	0 	0 	0 	0 	0 	0 	0 	0 	0 	0 	0 	0 	204 	252 	3 	8 		
#record	18 	32 	31 	53 	17 	44 	40 	182 	26 	17 	325 	39 	16 	0 	0 	0 	0 	0 	0 	0 	0 	0 	0 	0 	0 	0 	0 	0 	0 	213 	263 	4 	8 		
#record	19 	34 	32 	55 	18 	46 	42 	195 	27 	18 	348 	41 	17 	0 	0 	0 	0 	0 	0 	0 	0 	0 	0 	0 	0 	0 	0 	0 	0 	221 	273 	4 	9 		
#record	20 	36 	34 	58 	19 	48 	43 	208 	38 	20 	370 	42 	20 	0 	0 	0 	0 	0 	0 	0 	0 	0 	0 	0 	0 	0 	0 	0 	0 	230 	284 	4 	9 		
#record	21 	37 	35 	60 	20 	50 	45 	224 	41 	23 	397 	45 	22 	0 	0 	0 	0 	0 	0 	0 	0 	0 	0 	0 	0 	0 	0 	0 	0 	238 	294 	4 	10 		
#record	22 	39 	37 	63 	21 	53 	47 	237 	46 	24 	419 	46 	25 	0 	0 	0 	0 	0 	0 	0 	0 	0 	0 	0 	0 	0 	0 	0 	0 	247 	305 	4 	10 		
#record	23 	40 	39 	65 	22 	55 	49 	253 	49 	24 	442 	48 	27 	0 	0 	0 	0 	0 	0 	0 	0 	0 	0 	0 	0 	0 	0 	0 	0 	255 	315 	4 	11 		
#record	24 	41 	40 	68 	23 	57 	51 	265 	56 	25 	468 	51 	30 	0 	0 	0 	0 	0 	0 	0 	0 	0 	0 	0 	0 	0 	0 	0 	0 	264 	326 	4 	11 		
#record	25 	43 	41 	70 	24 	59 	53 	282 	59 	27 	491 	52 	32 	0 	0 	0 	0 	0 	0 	0 	0 	0 	0 	0 	0 	0 	0 	0 	0 	272 	336 	5 	12 		
#record	26 	45 	43 	73 	25 	61 	55 	294 	61 	29 	513 	54 	35 	0 	0 	0 	0 	0 	0 	0 	0 	0 	0 	0 	0 	0 	0 	0 	0 	281 	347 	5 	12 		
#record	27 	46 	44 	75 	26 	63 	57 	310 	72 	31 	536 	107 	37 	0 	0 	0 	0 	0 	0 	0 	0 	0 	0 	0 	0 	0 	0 	0 	0 	289 	357 	5 	13 		
#record	28 	48 	46 	78 	27 	65 	59 	323 	75 	33 	562 	112 	40 	0 	0 	0 	0 	0 	0 	0 	0 	0 	0 	0 	0 	0 	0 	0 	0 	298 	368 	5 	13 		
#record	29 	49 	47 	80 	28 	67 	61 	339 	78 	35 	585 	116 	42 	0 	0 	0 	0 	0 	0 	0 	0 	0 	0 	0 	0 	0 	0 	0 	0 	306 	378 	5 	14 		
#record	30 	51 	48 	83 	29 	69 	62 	352 	80 	37 	607 	120 	45 	0 	0 	0 	0 	0 	0 	0 	0 	0 	0 	0 	0 	0 	0 	0 	0 	315 	389 	5 	14 		
#record	31 	53 	50 	85 	30 	71 	64 	368 	84 	39 	634 	125 	47 	0 	0 	0 	0 	0 	0 	0 	0 	0 	0 	0 	0 	0 	0 	0 	0 	323 	399 	6 	15 		
#record	32 	54 	52 	88 	31 	74 	66 	381 	86 	41 	656 	129 	50 	0 	0 	0 	0 	0 	0 	0 	0 	0 	0 	0 	0 	0 	0 	0 	0 	332 	410 	6 	15 		
#record	33 	55 	53 	90 	32 	76 	68 	397 	90 	43 	679 	133 	52 	0 	0 	0 	0 	0 	0 	0 	0 	0 	0 	0 	0 	0 	0 	0 	0 	340 	420 	6 	16 		
#record	34 	57 	55 	93 	33 	78 	70 	413 	93 	45 	705 	138 	55 	0 	0 	0 	0 	0 	0 	0 	0 	0 	0 	0 	0 	0 	0 	0 	0 	349 	431 	6 	16 		
#record	35 	59 	56 	95 	34 	80 	71 	426 	96 	48 	728 	142 	57 	0 	0 	0 	0 	0 	0 	0 	0 	0 	0 	0 	0 	0 	0 	0 	0 	357 	441 	6 	17 		
#record	36 	60 	57 	98 	35 	82 	74 	442 	99 	50 	751 	146 	60 	0 	0 	0 	0 	0 	0 	0 	0 	0 	0 	0 	0 	0 	0 	0 	0 	366 	452 	6 	17 		
#record	37 	62 	59 	100 	36 	84 	76 	455 	101 	52 	777 	150 	63 	0 	0 	0 	0 	0 	0 	0 	0 	0 	0 	0 	0 	0 	0 	0 	0 	374 	462 	7 	18 		
#record	38 	63 	60 	103 	37 	86 	78 	471 	105 	54 	800 	154 	65 	0 	0 	0 	0 	0 	0 	0 	0 	0 	0 	0 	0 	0 	0 	0 	0 	383 	473 	7 	18 		
#record	39 	64 	62 	105 	38 	88 	80 	484 	107 	56 	822 	158 	68 	0 	0 	0 	0 	0 	0 	0 	0 	0 	0 	0 	0 	0 	0 	0 	0 	391 	483 	7 	19 		
#record	40 	67 	63 	108 	39 	90 	81 	500 	111 	58 	849 	163 	70 	0 	0 	0 	0 	0 	0 	0 	0 	0 	0 	0 	0 	0 	0 	0 	0 	400 	494 	7 	19 		
#record	41 	68 	64 	110 	40 	92 	83 	513 	113 	60 	871 	167 	73 	0 	0 	0 	0 	0 	0 	0 	0 	0 	0 	0 	0 	0 	0 	0 	0 	408 	504 	7 	20 		
#record	42 	69 	67 	113 	41 	95 	85 	529 	117 	62 	894 	171 	75 	0 	0 	0 	0 	0 	0 	0 	0 	0 	0 	0 	0 	0 	0 	0 	0 	417 	515 	7 	20 		
#record	43 	71 	68 	115 	42 	97 	87 	541 	119 	64 	920 	176 	78 	0 	0 	0 	0 	0 	0 	0 	0 	0 	0 	0 	0 	0 	0 	0 	0 	425 	525 	7 	21 		
#record	44 	72 	69 	118 	43 	99 	89 	558 	122 	66 	943 	180 	80 	0 	0 	0 	0 	0 	0 	0 	0 	0 	0 	0 	0 	0 	0 	0 	0 	434 	536 	8 	21 		
#record	45 	74 	71 	120 	44 	101 	90 	570 	125 	68 	965 	184 	83 	0 	0 	0 	0 	0 	0 	0 	0 	0 	0 	0 	0 	0 	0 	0 	0 	442 	546 	8 	22 		
#record	46 	76 	72 	123 	45 	103 	92 	586 	128 	70 	992 	189 	85 	0 	0 	0 	0 	0 	0 	0 	0 	0 	0 	0 	0 	0 	0 	0 	0 	451 	557 	8 	22 		
#record	47 	77 	74 	125 	46 	105 	95 	599 	131 	73 	1014 	193 	88 	0 	0 	0 	0 	0 	0 	0 	0 	0 	0 	0 	0 	0 	0 	0 	0 	459 	567 	8 	23 		
#record	48 	78 	75 	128 	47 	107 	97 	615 	134 	75 	1037 	197 	90 	0 	0 	0 	0 	0 	0 	0 	0 	0 	0 	0 	0 	0 	0 	0 	0 	468 	578 	8 	23 		
#record	49 	80 	76 	130 	48 	109 	99 	628 	137 	77 	1063 	201 	93 	0 	0 	0 	0 	0 	0 	0 	0 	0 	0 	0 	0 	0 	0 	0 	0 	476 	588 	8 	24 		
#record	50 	82 	78 	133 	49 	111 	100 	644 	140 	79 	1086 	206 	95 	0 	0 	0 	0 	0 	0 	0 	0 	0 	0 	0 	0 	0 	0 	0 	0 	485 	599 	9 	24 		
#record	51 	83 	79 	135 	50 	113 	102 	657 	143 	91 	1108 	210 	112 	0 	0 	0 	0 	0 	0 	0 	0 	0 	0 	0 	0 	0 	0 	0 	0 	493 	609 	9 	25 		
#record	52 	85 	81 	138 	51 	116 	104 	673 	146 	93 	1135 	214 	115 	0 	0 	0 	0 	0 	0 	0 	0 	0 	0 	0 	0 	0 	0 	0 	0 	502 	620 	9 	25 		
#record	53 	86 	83 	140 	52 	118 	106 	686 	149 	96 	1157 	218 	118 	0 	0 	0 	0 	0 	0 	0 	0 	0 	0 	0 	0 	0 	0 	0 	0 	510 	630 	9 	26 		
#record	54 	88 	84 	143 	53 	120 	108 	702 	152 	98 	1180 	222 	120 	0 	0 	0 	0 	0 	0 	0 	0 	0 	0 	0 	0 	0 	0 	0 	0 	519 	641 	9 	26 		
#record	55 	90 	85 	145 	54 	122 	109 	715 	154 	101 	1207 	227 	123 	0 	0 	0 	0 	0 	0 	0 	0 	0 	0 	0 	0 	0 	0 	0 	0 	527 	651 	9 	27 		
#record	56 	91 	87 	148 	55 	124 	111 	731 	158 	103 	1229 	231 	126 	0 	0 	0 	0 	0 	0 	0 	0 	0 	0 	0 	0 	0 	0 	0 	0 	536 	662 	10 	27 		
#record	57 	92 	88 	150 	56 	126 	113 	743 	160 	105 	1252 	235 	129 	0 	0 	0 	0 	0 	0 	0 	0 	0 	0 	0 	0 	0 	0 	0 	0 	544 	672 	10 	28 		
#record	58 	94 	90 	153 	57 	128 	116 	760 	164 	108 	1278 	240 	132 	0 	0 	0 	0 	0 	0 	0 	0 	0 	0 	0 	0 	0 	0 	0 	0 	553 	683 	10 	28 		
#record	59 	95 	91 	155 	58 	130 	118 	776 	167 	110 	1301 	244 	135 	0 	0 	0 	0 	0 	0 	0 	0 	0 	0 	0 	0 	0 	0 	0 	0 	561 	693 	10 	29 		
#record	60 	97 	92 	158 	59 	132 	119 	792 	170 	151 	1327 	249 	191 	0 	0 	0 	0 	0 	0 	0 	0 	0 	0 	0 	0 	0 	0 	0 	0 	570 	704 	10 	29 		
#record	61 	99 	94 	160 	60 	134 	121 	808 	174 	155 	1354 	253 	196 	0 	0 	0 	0 	0 	0 	0 	0 	0 	0 	0 	0 	0 	0 	0 	0 	578 	714 	10 	30 		
#record	62 	100 	96 	163 	61 	137 	123 	824 	177 	159 	1380 	258 	201 	0 	0 	0 	0 	0 	0 	0 	0 	0 	0 	0 	0 	0 	0 	0 	0 	587 	725 	11 	30 		
#record	63 	102 	97 	165 	62 	139 	125 	841 	180 	163 	1407 	263 	207 	0 	0 	0 	0 	0 	0 	0 	0 	0 	0 	0 	0 	0 	0 	0 	0 	595 	735 	11 	31 		
#record	64 	103 	99 	168 	63 	141 	127 	857 	183 	168 	1437 	268 	212 	0 	0 	0 	0 	0 	0 	0 	0 	0 	0 	0 	0 	0 	0 	0 	0 	604 	746 	11 	31 		
#record	65 	105 	100 	170 	64 	143 	128 	873 	187 	172 	1464 	273 	217 	0 	0 	0 	0 	0 	0 	0 	0 	0 	0 	0 	0 	0 	0 	0 	0 	612 	756 	11 	32 		
#record	66 	106 	102 	173 	65 	145 	130 	893 	191 	176 	1490 	278 	223 	0 	0 	0 	0 	0 	0 	0 	0 	0 	0 	0 	0 	0 	0 	0 	0 	621 	767 	11 	32 		
#record	67 	108 	103 	175 	66 	147 	132 	909 	194 	180 	1517 	282 	228 	0 	0 	0 	0 	0 	0 	0 	0 	0 	0 	0 	0 	0 	0 	0 	0 	629 	777 	11 	33 		
#record	68 	109 	104 	178 	67 	149 	134 	925 	197 	184 	1543 	287 	233 	0 	0 	0 	0 	0 	0 	0 	0 	0 	0 	0 	0 	0 	0 	0 	0 	638 	788 	11 	33 		
#record	69 	111 	106 	180 	68 	151 	137 	941 	201 	188 	1570 	292 	238 	0 	0 	0 	0 	0 	0 	0 	0 	0 	0 	0 	0 	0 	0 	0 	0 	646 	798 	12 	34 		
#record	70 	113 	107 	183 	69 	153 	138 	957 	204 	193 	1600 	297 	244 	0 	0 	0 	0 	0 	0 	0 	0 	0 	0 	0 	0 	0 	0 	0 	0 	655 	809 	12 	34 		
#record	71 	114 	109 	185 	70 	155 	140 	974 	207 	197 	1627 	302 	249 	0 	0 	0 	0 	0 	0 	0 	0 	0 	0 	0 	0 	0 	0 	0 	0 	663 	819 	12 	35 		
#record	72 	116 	111 	188 	71 	158 	142 	990 	211 	201 	1654 	307 	254 	0 	0 	0 	0 	0 	0 	0 	0 	0 	0 	0 	0 	0 	0 	0 	0 	672 	830 	12 	35 		
#record	73 	117 	112 	190 	72 	160 	144 	1009 	215 	205 	1680 	312 	260 	0 	0 	0 	0 	0 	0 	0 	0 	0 	0 	0 	0 	0 	0 	0 	0 	680 	840 	12 	36 		
#record	74 	118 	113 	193 	73 	162 	146 	1026 	218 	209 	1707 	316 	265 	0 	0 	0 	0 	0 	0 	0 	0 	0 	0 	0 	0 	0 	0 	0 	0 	689 	851 	12 	36 		
#record	75 	120 	115 	195 	74 	164 	147 	1042 	221 	214 	1733 	321 	270 	0 	0 	0 	0 	0 	0 	0 	0 	0 	0 	0 	0 	0 	0 	0 	0 	697 	861 	13 	37 		
#record	76 	122 	116 	198 	75 	166 	149 	1058 	225 	218 	1760 	326 	275 	0 	0 	0 	0 	0 	0 	0 	0 	0 	0 	0 	0 	0 	0 	0 	0 	706 	872 	13 	37 		
#record	77 	123 	118 	200 	76 	168 	151 	1074 	228 	222 	1790 	331 	281 	0 	0 	0 	0 	0 	0 	0 	0 	0 	0 	0 	0 	0 	0 	0 	0 	714 	882 	13 	38 		
#record	78 	125 	119 	203 	77 	170 	153 	1090 	231 	226 	1817 	336 	286 	0 	0 	0 	0 	0 	0 	0 	0 	0 	0 	0 	0 	0 	0 	0 	0 	723 	893 	13 	38 		
#record	79 	126 	120 	205 	78 	172 	155 	1110 	235 	230 	1843 	341 	291 	0 	0 	0 	0 	0 	0 	0 	0 	0 	0 	0 	0 	0 	0 	0 	0 	731 	903 	13 	39 		
#record	80 	128 	122 	208 	79 	174 	156 	1126 	238 	234 	1870 	345 	297 	0 	0 	0 	0 	0 	0 	0 	0 	0 	0 	0 	0 	0 	0 	0 	0 	740 	914 	13 	39 		
#record	81 	130 	123 	210 	80 	176 	159 	1142 	242 	239 	1896 	350 	302 	0 	0 	0 	0 	0 	0 	0 	0 	0 	0 	0 	0 	0 	0 	0 	0 	748 	924 	14 	40 		
#record	82 	131 	125 	213 	81 	179 	161 	1159 	245 	243 	1923 	355 	307 	0 	0 	0 	0 	0 	0 	0 	0 	0 	0 	0 	0 	0 	0 	0 	0 	757 	935 	14 	40 		
#record	83 	132 	127 	215 	82 	181 	163 	1175 	248 	247 	1953 	360 	312 	0 	0 	0 	0 	0 	0 	0 	0 	0 	0 	0 	0 	0 	0 	0 	0 	765 	945 	14 	41 		
#record	84 	134 	128 	218 	83 	183 	165 	1191 	252 	251 	1980 	365 	318 	0 	0 	0 	0 	0 	0 	0 	0 	0 	0 	0 	0 	0 	0 	0 	0 	774 	956 	14 	41 		
#record	85 	136 	130 	220 	84 	185 	166 	1207 	255 	255 	2006 	370 	323 	0 	0 	0 	0 	0 	0 	0 	0 	0 	0 	0 	0 	0 	0 	0 	0 	782 	966 	14 	42 		
#record	86 	137 	131 	223 	85 	187 	168 	1227 	259 	259 	2033 	375 	328 	0 	0 	0 	0 	0 	0 	0 	0 	0 	0 	0 	0 	0 	0 	0 	0 	791 	977 	14 	42 		
#record	87 	139 	132 	225 	86 	189 	170 	1243 	262 	264 	2059 	379 	333 	0 	0 	0 	0 	0 	0 	0 	0 	0 	0 	0 	0 	0 	0 	0 	0 	799 	987 	14 	43 		
#record	88 	140 	134 	228 	87 	191 	172 	1259 	266 	268 	2086 	384 	339 	0 	0 	0 	0 	0 	0 	0 	0 	0 	0 	0 	0 	0 	0 	0 	0 	808 	998 	15 	43 		
#record	89 	141 	135 	230 	88 	193 	174 	1275 	269 	272 	2116 	390 	344 	0 	0 	0 	0 	0 	0 	0 	0 	0 	0 	0 	0 	0 	0 	0 	0 	816 	1008 	15 	44 		
#record	90 	144 	137 	233 	89 	195 	175 	1292 	272 	276 	2143 	394 	349 	0 	0 	0 	0 	0 	0 	0 	0 	0 	0 	0 	0 	0 	0 	0 	0 	825 	1019 	15 	44 		
#record	91 	145 	138 	235 	90 	197 	177 	1308 	275 	280 	2170 	399 	355 	0 	0 	0 	0 	0 	0 	0 	0 	0 	0 	0 	0 	0 	0 	0 	0 	833 	1029 	15 	45 		
#record	92 	146 	140 	238 	91 	200 	180 	1324 	279 	285 	2196 	404 	360 	0 	0 	0 	0 	0 	0 	0 	0 	0 	0 	0 	0 	0 	0 	0 	0 	842 	1040 	15 	45 		
#record	93 	148 	141 	240 	92 	202 	182 	1344 	283 	289 	2223 	408 	365 	0 	0 	0 	0 	0 	0 	0 	0 	0 	0 	0 	0 	0 	0 	0 	0 	850 	1050 	15 	46 		
#record	94 	149 	143 	243 	93 	204 	184 	1360 	286 	293 	2249 	413 	370 	0 	0 	0 	0 	0 	0 	0 	0 	0 	0 	0 	0 	0 	0 	0 	0 	859 	1061 	16 	46 		
#record	95 	151 	144 	245 	94 	206 	185 	1376 	289 	297 	2276 	418 	376 	0 	0 	0 	0 	0 	0 	0 	0 	0 	0 	0 	0 	0 	0 	0 	0 	867 	1071 	16 	47 		
#record	96 	153 	146 	248 	95 	208 	187 	1392 	293 	301 	2306 	423 	381 	0 	0 	0 	0 	0 	0 	0 	0 	0 	0 	0 	0 	0 	0 	0 	0 	876 	1082 	16 	47 		
#record	97 	154 	147 	250 	96 	210 	189 	1408 	296 	305 	2333 	428 	386 	0 	0 	0 	0 	0 	0 	0 	0 	0 	0 	0 	0 	0 	0 	0 	0 	884 	1092 	16 	48 		
#record	98 	155 	148 	253 	97 	212 	191 	1425 	299 	310 	2359 	433 	392 	0 	0 	0 	0 	0 	0 	0 	0 	0 	0 	0 	0 	0 	0 	0 	0 	893 	1103 	16 	48 		
#record	99 	157 	150 	255 	98 	214 	193 	1444 	303 	314 	2386 	438 	397 	0 	0 	0 	0 	0 	0 	0 	0 	0 	0 	0 	0 	0 	0 	0 	0 	901 	1113 	16 	49 		
#record	100 	159 	151 	258 	99 	216 	194 	1460 	307 	318 	2412 	442 	402 	0 	0 	0 	0 	0 	0 	0 	0 	0 	0 	0 	0 	0 	0 	0 	0 	910 	1124 	17 	49 		
#record	101 	160 	153 	260 	100 	218 	196 	1477 	310 	322 	2439 	447 	407 	0 	0 	0 	0 	0 	0 	0 	0 	0 	0 	0 	0 	0 	0 	0 	0 	918 	1134 	17 	50 		
#record	102 	162 	155 	263 	101 	221 	198 	1493 	313 	326 	2469 	453 	413 	0 	0 	0 	0 	0 	0 	0 	0 	0 	0 	0 	0 	0 	0 	0 	0 	927 	1145 	17 	50 		
#record	103 	163 	156 	265 	102 	223 	201 	1509 	317 	330 	2496 	457 	418 	0 	0 	0 	0 	0 	0 	0 	0 	0 	0 	0 	0 	0 	0 	0 	0 	935 	1155 	17 	51 		
#record	104 	165 	158 	268 	103 	225 	203 	1525 	320 	335 	2522 	462 	423 	0 	0 	0 	0 	0 	0 	0 	0 	0 	0 	0 	0 	0 	0 	0 	0 	944 	1166 	17 	51 		
#record	105 	167 	159 	270 	104 	227 	204 	1541 	323 	339 	2549 	467 	429 	0 	0 	0 	0 	0 	0 	0 	0 	0 	0 	0 	0 	0 	0 	0 	0 	952 	1176 	17 	52 		
#record	106 	168 	160 	273 	105 	229 	206 	1561 	327 	343 	2575 	471 	434 	0 	0 	0 	0 	0 	0 	0 	0 	0 	0 	0 	0 	0 	0 	0 	0 	961 	1187 	17 	52 		
#record	107 	169 	162 	275 	106 	231 	208 	1577 	330 	347 	2602 	476 	439 	0 	0 	0 	0 	0 	0 	0 	0 	0 	0 	0 	0 	0 	0 	0 	0 	969 	1197 	18 	53 		
#record	108 	171 	163 	278 	107 	233 	210 	1593 	334 	351 	2629 	481 	444 	0 	0 	0 	0 	0 	0 	0 	0 	0 	0 	0 	0 	0 	0 	0 	0 	978 	1208 	18 	53 		
#record	109 	172 	165 	280 	108 	235 	212 	1610 	337 	356 	2659 	486 	450 	0 	0 	0 	0 	0 	0 	0 	0 	0 	0 	0 	0 	0 	0 	0 	0 	986 	1218 	18 	54 		
#record	110 	174 	166 	283 	109 	237 	213 	1626 	340 	360 	2686 	491 	455 	0 	0 	0 	0 	0 	0 	0 	0 	0 	0 	0 	0 	0 	0 	0 	0 	995 	1229 	18 	54 		
#record	111 	176 	167 	285 	110 	239 	215 	1642 	344 	364 	2712 	496 	460 	0 	0 	0 	0 	0 	0 	0 	0 	0 	0 	0 	0 	0 	0 	0 	0 	1003 	1239 	18 	55 		
#record	112 	177 	169 	288 	111 	242 	217 	1658 	347 	368 	2739 	501 	465 	0 	0 	0 	0 	0 	0 	0 	0 	0 	0 	0 	0 	0 	0 	0 	0 	1012 	1250 	18 	55 		
#record	113 	179 	171 	290 	112 	244 	219 	1678 	351 	372 	2765 	505 	471 	0 	0 	0 	0 	0 	0 	0 	0 	0 	0 	0 	0 	0 	0 	0 	0 	1020 	1260 	19 	56 		
#record	114 	180 	172 	293 	113 	246 	222 	1694 	354 	376 	2792 	510 	476 	0 	0 	0 	0 	0 	0 	0 	0 	0 	0 	0 	0 	0 	0 	0 	0 	1029 	1271 	19 	56 		
#record	115 	182 	174 	295 	114 	248 	223 	1710 	358 	381 	2822 	516 	481 	0 	0 	0 	0 	0 	0 	0 	0 	0 	0 	0 	0 	0 	0 	0 	0 	1037 	1281 	19 	57 		
#record	116 	183 	175 	298 	115 	250 	225 	1726 	361 	385 	2849 	520 	487 	0 	0 	0 	0 	0 	0 	0 	0 	0 	0 	0 	0 	0 	0 	0 	0 	1046 	1292 	19 	57 		
#record	117 	185 	176 	300 	116 	252 	227 	1743 	364 	389 	2875 	525 	492 	0 	0 	0 	0 	0 	0 	0 	0 	0 	0 	0 	0 	0 	0 	0 	0 	1054 	1302 	19 	58 		
#record	118 	186 	178 	303 	117 	254 	229 	1759 	368 	393 	2902 	530 	497 	0 	0 	0 	0 	0 	0 	0 	0 	0 	0 	0 	0 	0 	0 	0 	0 	1063 	1313 	19 	58 		
#record	119 	188 	179 	305 	118 	256 	231 	1778 	372 	397 	2928 	535 	502 	0 	0 	0 	0 	0 	0 	0 	0 	0 	0 	0 	0 	0 	0 	0 	0 	1071 	1323 	20 	59 		
#record	120 	190 	181 	308 	119 	258 	232 	1795 	375 	401 	2955 	539 	508 	0 	0 	0 	0 	0 	0 	0 	0 	0 	0 	0 	0 	0 	0 	0 	0 	1080 	1334 	20 	60 		
#record	121 	191 	182 	310 	120 	260 	234 	1811 	378 	406 	2981 	544 	513 	0 	0 	0 	0 	0 	0 	0 	0 	0 	0 	0 	0 	0 	0 	0 	0 	1088 	1344 	20 	60 		
#record	122 	193 	184 	313 	121 	263 	236 	1827 	381 	410 	3012 	549 	518 	0 	0 	0 	0 	0 	0 	0 	0 	0 	0 	0 	0 	0 	0 	0 	0 	1097 	1355 	20 	61 		
#record	123 	194 	186 	315 	122 	265 	238 	1843 	385 	414 	3038 	554 	524 	0 	0 	0 	0 	0 	0 	0 	0 	0 	0 	0 	0 	0 	0 	0 	0 	1105 	1365 	20 	61 		
#record	124 	195 	187 	318 	123 	267 	240 	1859 	388 	418 	3065 	559 	529 	0 	0 	0 	0 	0 	0 	0 	0 	0 	0 	0 	0 	0 	0 	0 	0 	1114 	1376 	20 	62 		
#record	125 	197 	188 	320 	124 	269 	242 	1876 	391 	422 	3092 	564 	534 	0 	0 	0 	0 	0 	0 	0 	0 	0 	0 	0 	0 	0 	0 	0 	0 	1122 	1386 	21 	62 		
#record	126 	199 	190 	323 	125 	271 	244 	1895 	395 	426 	3118 	568 	539 	0 	0 	0 	0 	0 	0 	0 	0 	0 	0 	0 	0 	0 	0 	0 	0 	1131 	1397 	21 	63 		
#record	127 	200 	191 	325 	126 	273 	246 	1911 	399 	431 	3145 	573 	545 	0 	0 	0 	0 	0 	0 	0 	0 	0 	0 	0 	0 	0 	0 	0 	0 	1139 	1407 	21 	63 		
#record	128 	202 	193 	328 	127 	275 	248 	1928 	402 	435 	3175 	579 	550 	0 	0 	0 	0 	0 	0 	0 	0 	0 	0 	0 	0 	0 	0 	0 	0 	1148 	1418 	21 	64 		
#record	129 	203 	194 	330 	128 	277 	250 	1944 	405 	439 	3202 	583 	555 	0 	0 	0 	0 	0 	0 	0 	0 	0 	0 	0 	0 	0 	0 	0 	0 	1156 	1428 	21 	64 		
#record	130 	205 	195 	333 	129 	279 	251 	1960 	409 	443 	3228 	588 	561 	0 	0 	0 	0 	0 	0 	0 	0 	0 	0 	0 	0 	0 	0 	0 	0 	1165 	1439 	21 	65 		
#record	131 	207 	197 	335 	130 	281 	253 	1976 	412 	447 	3255 	593 	566 	0 	0 	0 	0 	0 	0 	0 	0 	0 	0 	0 	0 	0 	0 	0 	0 	1173 	1449 	21 	65 		
#record	132 	208 	199 	338 	131 	284 	255 	1992 	415 	452 	3281 	598 	571 	0 	0 	0 	0 	0 	0 	0 	0 	0 	0 	0 	0 	0 	0 	0 	0 	1182 	1460 	22 	66 		
#record	133 	209 	200 	340 	132 	286 	257 	2012 	419 	456 	3308 	602 	576 	0 	0 	0 	0 	0 	0 	0 	0 	0 	0 	0 	0 	0 	0 	0 	0 	1190 	1470 	22 	66 		
#record	134 	211 	202 	343 	133 	288 	259 	2028 	423 	460 	3334 	607 	582 	0 	0 	0 	0 	0 	0 	0 	0 	0 	0 	0 	0 	0 	0 	0 	0 	1199 	1481 	22 	67 		
#record	135 	213 	203 	345 	134 	290 	260 	2044 	426 	464 	3365 	612 	587 	0 	0 	0 	0 	0 	0 	0 	0 	0 	0 	0 	0 	0 	0 	0 	0 	1207 	1491 	22 	67 		
#record	136 	214 	204 	348 	135 	292 	263 	2061 	429 	468 	3391 	617 	592 	0 	0 	0 	0 	0 	0 	0 	0 	0 	0 	0 	0 	0 	0 	0 	0 	1216 	1502 	22 	68 		
#record	137 	216 	206 	350 	136 	294 	265 	2077 	432 	472 	3418 	622 	597 	0 	0 	0 	0 	0 	0 	0 	0 	0 	0 	0 	0 	0 	0 	0 	0 	1224 	1512 	22 	68 		
#record	138 	217 	207 	353 	137 	296 	267 	2093 	436 	477 	3444 	627 	603 	0 	0 	0 	0 	0 	0 	0 	0 	0 	0 	0 	0 	0 	0 	0 	0 	1233 	1523 	23 	69 		
#record	139 	218 	209 	355 	138 	298 	269 	2113 	440 	481 	3471 	631 	608 	0 	0 	0 	0 	0 	0 	0 	0 	0 	0 	0 	0 	0 	0 	0 	0 	1241 	1533 	23 	69 		
#record	140 	221 	210 	358 	139 	300 	270 	2129 	443 	485 	3497 	636 	613 	0 	0 	0 	0 	0 	0 	0 	0 	0 	0 	0 	0 	0 	0 	0 	0 	1250 	1544 	23 	70 		
#record	141 	222 	211 	360 	140 	302 	272 	2145 	446 	489 	3528 	642 	619 	0 	0 	0 	0 	0 	0 	0 	0 	0 	0 	0 	0 	0 	0 	0 	0 	1258 	1554 	23 	70 		
#record	142 	223 	214 	363 	141 	305 	274 	2161 	450 	493 	3554 	646 	624 	0 	0 	0 	0 	0 	0 	0 	0 	0 	0 	0 	0 	0 	0 	0 	0 	1267 	1565 	23 	71 		
#record	143 	225 	215 	365 	142 	307 	276 	2177 	453 	497 	3581 	651 	629 	0 	0 	0 	0 	0 	0 	0 	0 	0 	0 	0 	0 	0 	0 	0 	0 	1275 	1575 	23 	71 		
#record	144 	226 	216 	368 	143 	309 	278 	2193 	456 	502 	3608 	656 	634 	0 	0 	0 	0 	0 	0 	0 	0 	0 	0 	0 	0 	0 	0 	0 	0 	1284 	1586 	24 	72 		
#record	145 	228 	218 	370 	144 	311 	279 	2210 	460 	506 	3634 	661 	640 	0 	0 	0 	0 	0 	0 	0 	0 	0 	0 	0 	0 	0 	0 	0 	0 	1292 	1596 	24 	72 		
#record	146 	230 	219 	373 	145 	313 	281 	2229 	464 	510 	3661 	665 	645 	0 	0 	0 	0 	0 	0 	0 	0 	0 	0 	0 	0 	0 	0 	0 	0 	1301 	1607 	24 	73 		
#record	147 	231 	221 	375 	146 	315 	284 	2246 	467 	514 	3687 	670 	650 	0 	0 	0 	0 	0 	0 	0 	0 	0 	0 	0 	0 	0 	0 	0 	0 	1309 	1617 	24 	73 		
#record	148 	232 	222 	378 	147 	317 	286 	2262 	470 	518 	3718 	675 	656 	0 	0 	0 	0 	0 	0 	0 	0 	0 	0 	0 	0 	0 	0 	0 	0 	1318 	1628 	24 	74 		
#record	149 	234 	223 	380 	148 	319 	288 	2278 	473 	523 	3744 	680 	661 	0 	0 	0 	0 	0 	0 	0 	0 	0 	0 	0 	0 	0 	0 	0 	0 	1326 	1638 	24 	74 		
#record	150 	236 	225 	383 	149 	321 	289 	2294 	477 	527 	3771 	685 	666 	0 	0 	0 	0 	0 	0 	0 	0 	0 	0 	0 	0 	0 	0 	0 	0 	1335 	1649 	24 	75 		
																																			
#end																																			
