
#ignore	\o042			
#exchange	#	\x20		

#table	Param																																
#columntype	Dword	Dword	Dword	Dword	Dword	Dword	Dword	Dword	Dword	Dword	Dword	Dword	Dword	Dword	Dword	Dword	Dword	Dword	Dword	Dword	Dword	Dword	Dword	Dword	Dword	Dword	Dword	Dword	Dword	Word	Word	DWord	DWord
#columnname	Level	Strength	Constitution	Intelligence	Wizdom	Dexterity	MentalPower	SoulHP	MAXSoulHP	PriceHPStone	SoulSP	MAXSoulSP	PriceSPStone	AtkPerAP	DmgPerAP	MaxPwrStone	NumPwrStone	PricePwrStone	PwrStoneWC	PwrStoneMA	MaxGrdStone	NumGrdStone	PriceGrdStone	GrdStoneAC	GrdStoneMR	PainRes	RestraintRes	CurseRes	ShockRes	MaxHP	MaxSP	CharTitlePt	SkillPwrPt
#record	1 	10 	8 	8 	0 	20 	9 	32 	13 	3 	20 	11 	2 	0 	0 	0 	0 	0 	0 	0 	0 	0 	0 	0 	0 	0 	0 	0 	0 	72 	76 	1 	0 
#record	2 	11 	9 	9 	1 	21 	10 	36 	13 	4 	31 	12 	2 	0 	0 	0 	0 	0 	0 	0 	0 	0 	0 	0 	0 	0 	0 	0 	0 	81 	86 	1 	0 
#record	3 	12 	10 	10 	2 	22 	10 	47 	14 	5 	47 	13 	3 	0 	0 	0 	0 	0 	0 	0 	0 	0 	0 	0 	0 	0 	0 	0 	0 	90 	95 	1 	1 
#record	4 	14 	11 	11 	3 	24 	12 	55 	15 	6 	58 	14 	4 	0 	0 	0 	0 	0 	0 	0 	0 	0 	0 	0 	0 	0 	0 	0 	0 	99 	105 	1 	1 
#record	5 	16 	13 	13 	4 	26 	13 	68 	16 	7 	70 	15 	4 	0 	0 	0 	0 	0 	0 	0 	0 	0 	0 	0 	0 	0 	0 	0 	0 	108 	114 	1 	2 
#record	6 	18 	14 	14 	5 	28 	15 	79 	17 	8 	86 	17 	5 	0 	0 	0 	0 	0 	0 	0 	0 	0 	0 	0 	0 	0 	0 	0 	0 	117 	124 	2 	2 
#record	7 	20 	16 	16 	6 	30 	17 	89 	18 	9 	97 	18 	6 	0 	0 	0 	0 	0 	0 	0 	0 	0 	0 	0 	0 	0 	0 	0 	0 	126 	133 	2 	3 
#record	8 	22 	17 	18 	7 	32 	19 	104 	19 	10 	109 	19 	7 	0 	0 	0 	0 	0 	0 	0 	0 	0 	0 	0 	0 	0 	0 	0 	0 	135 	143 	2 	3 
#record	9 	23 	19 	19 	8 	34 	21 	114 	20 	11 	124 	20 	7 	0 	0 	0 	0 	0 	0 	0 	0 	0 	0 	0 	0 	0 	0 	0 	0 	144 	152 	2 	4 
#record	10 	26 	20 	21 	9 	36 	22 	129 	22 	12 	136 	21 	8 	0 	0 	0 	0 	0 	0 	0 	0 	0 	0 	0 	0 	0 	0 	0 	0 	153 	162 	2 	4 
#record	11 	28 	22 	22 	10 	38 	24 	139 	23 	13 	148 	22 	9 	0 	0 	0 	0 	0 	0 	0 	0 	0 	0 	0 	0 	0 	0 	0 	0 	162 	171 	2 	5 
#record	12 	30 	24 	24 	11 	40 	26 	150 	24 	14 	163 	23 	9 	0 	0 	0 	0 	0 	0 	0 	0 	0 	0 	0 	0 	0 	0 	0 	0 	171 	181 	3 	5 
#record	13 	32 	26 	26 	12 	42 	28 	164 	25 	15 	175 	24 	10 	0 	0 	0 	0 	0 	0 	0 	0 	0 	0 	0 	0 	0 	0 	0 	0 	180 	190 	3 	6 
#record	14 	33 	27 	27 	13 	44 	29 	175 	26 	16 	186 	25 	11 	0 	0 	0 	0 	0 	0 	0 	0 	0 	0 	0 	0 	0 	0 	0 	0 	189 	200 	3 	6 
#record	15 	36 	29 	29 	14 	46 	30 	189 	28 	17 	202 	26 	12 	0 	0 	0 	0 	0 	0 	0 	0 	0 	0 	0 	0 	0 	0 	0 	0 	198 	209 	3 	7 
#record	16 	38 	30 	30 	15 	48 	32 	200 	29 	18 	214 	27 	12 	0 	0 	0 	0 	0 	0 	0 	0 	0 	0 	0 	0 	0 	0 	0 	0 	207 	219 	3 	7 
#record	17 	40 	32 	32 	16 	50 	34 	211 	30 	19 	225 	28 	13 	0 	0 	0 	0 	0 	0 	0 	0 	0 	0 	0 	0 	0 	0 	0 	0 	216 	228 	3 	8 
#record	18 	41 	33 	34 	17 	52 	36 	225 	31 	20 	241 	30 	14 	0 	0 	0 	0 	0 	0 	0 	0 	0 	0 	0 	0 	0 	0 	0 	0 	225 	238 	4 	8 
#record	19 	43 	35 	35 	18 	54 	38 	236 	32 	21 	252 	31 	14 	0 	0 	0 	0 	0 	0 	0 	0 	0 	0 	0 	0 	0 	0 	0 	0 	234 	247 	4 	9 
#record	20 	46 	36 	37 	19 	56 	39 	279 	46 	24 	299 	32 	16 	0 	0 	0 	0 	0 	0 	0 	0 	0 	0 	0 	0 	0 	0 	0 	0 	243 	257 	4 	9 
#record	21 	48 	38 	38 	20 	58 	41 	293 	48 	27 	315 	34 	19 	0 	0 	0 	0 	0 	0 	0 	0 	0 	0 	0 	0 	0 	0 	0 	0 	252 	266 	4 	10 
#record	22 	50 	40 	40 	21 	60 	43 	307 	55 	27 	326 	35 	21 	0 	0 	0 	0 	0 	0 	0 	0 	0 	0 	0 	0 	0 	0 	0 	0 	261 	276 	4 	10 
#record	23 	51 	41 	42 	22 	62 	45 	319 	58 	28 	340 	37 	23 	0 	0 	0 	0 	0 	0 	0 	0 	0 	0 	0 	0 	0 	0 	0 	0 	270 	285 	4 	11 
#record	24 	53 	43 	43 	23 	64 	47 	328 	67 	28 	353 	38 	25 	0 	0 	0 	0 	0 	0 	0 	0 	0 	0 	0 	0 	0 	0 	0 	0 	279 	295 	4 	11 
#record	25 	56 	44 	45 	24 	66 	48 	339 	70 	31 	362 	40 	27 	0 	0 	0 	0 	0 	0 	0 	0 	0 	0 	0 	0 	0 	0 	0 	0 	288 	304 	5 	12 
#record	26 	58 	46 	46 	25 	68 	49 	357 	73 	33 	382 	41 	29 	0 	0 	0 	0 	0 	0 	0 	0 	0 	0 	0 	0 	0 	0 	0 	0 	297 	314 	5 	12 
#record	27 	59 	47 	48 	26 	70 	51 	375 	86 	36 	401 	81 	31 	0 	0 	0 	0 	0 	0 	0 	0 	0 	0 	0 	0 	0 	0 	0 	0 	306 	323 	5 	13 
#record	28 	61 	49 	50 	27 	72 	53 	392 	90 	38 	417 	84 	33 	0 	0 	0 	0 	0 	0 	0 	0 	0 	0 	0 	0 	0 	0 	0 	0 	315 	333 	5 	13 
#record	29 	63 	50 	51 	28 	74 	55 	407 	92 	40 	436 	87 	36 	0 	0 	0 	0 	0 	0 	0 	0 	0 	0 	0 	0 	0 	0 	0 	0 	324 	342 	5 	14 
#record	30 	66 	52 	53 	29 	76 	56 	424 	96 	43 	456 	91 	38 	0 	0 	0 	0 	0 	0 	0 	0 	0 	0 	0 	0 	0 	0 	0 	0 	333 	352 	5 	14 
#record	31 	68 	53 	54 	30 	78 	58 	442 	100 	45 	476 	94 	40 	0 	0 	0 	0 	0 	0 	0 	0 	0 	0 	0 	0 	0 	0 	0 	0 	342 	361 	6 	15 
#record	32 	69 	56 	56 	31 	80 	60 	460 	103 	48 	491 	97 	42 	0 	0 	0 	0 	0 	0 	0 	0 	0 	0 	0 	0 	0 	0 	0 	0 	351 	371 	6 	15 
#record	33 	71 	57 	58 	32 	82 	62 	478 	107 	50 	511 	101 	44 	0 	0 	0 	0 	0 	0 	0 	0 	0 	0 	0 	0 	0 	0 	0 	0 	360 	380 	6 	16 
#record	34 	73 	59 	59 	33 	84 	64 	492 	110 	52 	530 	104 	46 	0 	0 	0 	0 	0 	0 	0 	0 	0 	0 	0 	0 	0 	0 	0 	0 	369 	390 	6 	16 
#record	35 	76 	60 	61 	34 	86 	65 	510 	114 	55 	546 	107 	48 	0 	0 	0 	0 	0 	0 	0 	0 	0 	0 	0 	0 	0 	0 	0 	0 	378 	399 	6 	17 
#record	36 	77 	62 	62 	35 	88 	67 	528 	117 	57 	565 	110 	50 	0 	0 	0 	0 	0 	0 	0 	0 	0 	0 	0 	0 	0 	0 	0 	0 	387 	409 	6 	17 
#record	37 	79 	63 	64 	36 	90 	68 	545 	121 	60 	585 	114 	53 	0 	0 	0 	0 	0 	0 	0 	0 	0 	0 	0 	0 	0 	0 	0 	0 	396 	418 	7 	18 
#record	38 	81 	65 	66 	37 	92 	70 	563 	124 	62 	601 	117 	55 	0 	0 	0 	0 	0 	0 	0 	0 	0 	0 	0 	0 	0 	0 	0 	0 	405 	428 	7 	18 
#record	39 	83 	66 	67 	38 	94 	72 	577 	127 	64 	620 	120 	57 	0 	0 	0 	0 	0 	0 	0 	0 	0 	0 	0 	0 	0 	0 	0 	0 	414 	437 	7 	19 
#record	40 	86 	68 	69 	39 	96 	73 	595 	131 	67 	640 	124 	59 	0 	0 	0 	0 	0 	0 	0 	0 	0 	0 	0 	0 	0 	0 	0 	0 	423 	447 	7 	19 
#record	41 	87 	69 	70 	40 	98 	75 	613 	135 	69 	659 	127 	61 	0 	0 	0 	0 	0 	0 	0 	0 	0 	0 	0 	0 	0 	0 	0 	0 	432 	456 	7 	20 
#record	42 	89 	71 	72 	41 	100 	77 	631 	138 	72 	675 	130 	63 	0 	0 	0 	0 	0 	0 	0 	0 	0 	0 	0 	0 	0 	0 	0 	0 	441 	466 	7 	20 
#record	43 	91 	73 	74 	42 	102 	79 	648 	142 	74 	695 	134 	65 	0 	0 	0 	0 	0 	0 	0 	0 	0 	0 	0 	0 	0 	0 	0 	0 	450 	475 	7 	21 
#record	44 	93 	74 	75 	43 	104 	81 	663 	145 	76 	714 	137 	67 	0 	0 	0 	0 	0 	0 	0 	0 	0 	0 	0 	0 	0 	0 	0 	0 	459 	485 	8 	21 
#record	45 	95 	76 	77 	44 	106 	82 	680 	148 	79 	730 	140 	69 	0 	0 	0 	0 	0 	0 	0 	0 	0 	0 	0 	0 	0 	0 	0 	0 	468 	494 	8 	22 
#record	46 	97 	77 	78 	45 	108 	84 	698 	152 	81 	749 	143 	72 	0 	0 	0 	0 	0 	0 	0 	0 	0 	0 	0 	0 	0 	0 	0 	0 	477 	504 	8 	22 
#record	47 	99 	79 	80 	46 	110 	86 	716 	156 	84 	769 	147 	74 	0 	0 	0 	0 	0 	0 	0 	0 	0 	0 	0 	0 	0 	0 	0 	0 	486 	513 	8 	23 
#record	48 	101 	80 	82 	47 	112 	87 	734 	159 	86 	785 	150 	76 	0 	0 	0 	0 	0 	0 	0 	0 	0 	0 	0 	0 	0 	0 	0 	0 	495 	523 	8 	23 
#record	49 	103 	82 	83 	48 	114 	89 	751 	163 	88 	804 	153 	78 	0 	0 	0 	0 	0 	0 	0 	0 	0 	0 	0 	0 	0 	0 	0 	0 	504 	532 	8 	24 
#record	50 	105 	83 	85 	49 	116 	90 	766 	166 	91 	824 	157 	80 	0 	0 	0 	0 	0 	0 	0 	0 	0 	0 	0 	0 	0 	0 	0 	0 	513 	542 	9 	24 
#record	51 	107 	85 	86 	50 	118 	92 	783 	169 	105 	843 	160 	94 	0 	0 	0 	0 	0 	0 	0 	0 	0 	0 	0 	0 	0 	0 	0 	0 	522 	551 	9 	25 
#record	52 	109 	87 	88 	51 	120 	94 	801 	173 	108 	859 	163 	96 	0 	0 	0 	0 	0 	0 	0 	0 	0 	0 	0 	0 	0 	0 	0 	0 	531 	561 	9 	25 
#record	53 	111 	89 	90 	52 	122 	96 	819 	177 	110 	879 	166 	99 	0 	0 	0 	0 	0 	0 	0 	0 	0 	0 	0 	0 	0 	0 	0 	0 	540 	570 	9 	26 
#record	54 	113 	90 	91 	53 	124 	98 	837 	180 	113 	898 	170 	101 	0 	0 	0 	0 	0 	0 	0 	0 	0 	0 	0 	0 	0 	0 	0 	0 	549 	580 	9 	26 
#record	55 	115 	92 	93 	54 	126 	99 	851 	183 	116 	914 	173 	104 	0 	0 	0 	0 	0 	0 	0 	0 	0 	0 	0 	0 	0 	0 	0 	0 	558 	589 	9 	27 
#record	56 	117 	93 	94 	55 	128 	101 	869 	187 	118 	933 	176 	106 	0 	0 	0 	0 	0 	0 	0 	0 	0 	0 	0 	0 	0 	0 	0 	0 	567 	599 	10 	27 
#record	57 	119 	95 	96 	56 	130 	103 	887 	190 	121 	953 	180 	109 	0 	0 	0 	0 	0 	0 	0 	0 	0 	0 	0 	0 	0 	0 	0 	0 	576 	608 	10 	28 
#record	58 	121 	96 	98 	57 	132 	105 	904 	194 	124 	969 	182 	111 	0 	0 	0 	0 	0 	0 	0 	0 	0 	0 	0 	0 	0 	0 	0 	0 	585 	618 	10 	28 
#record	59 	122 	98 	99 	58 	134 	106 	922 	198 	126 	988 	186 	113 	0 	0 	0 	0 	0 	0 	0 	0 	0 	0 	0 	0 	0 	0 	0 	0 	594 	627 	10 	29 
#record	60 	125 	99 	101 	59 	136 	107 	1034 	201 	174 	1113 	190 	161 	0 	0 	0 	0 	0 	0 	0 	0 	0 	0 	0 	0 	0 	0 	0 	0 	603 	637 	10 	29 
#record	61 	127 	101 	102 	60 	138 	109 	1048 	206 	178 	1124 	194 	165 	0 	0 	0 	0 	0 	0 	0 	0 	0 	0 	0 	0 	0 	0 	0 	0 	612 	646 	10 	30 
#record	62 	129 	103 	104 	61 	140 	111 	1057 	209 	183 	1135 	197 	169 	0 	0 	0 	0 	0 	0 	0 	0 	0 	0 	0 	0 	0 	0 	0 	0 	621 	656 	11 	30 
#record	63 	131 	104 	106 	62 	142 	113 	1070 	214 	188 	1150 	201 	174 	0 	0 	0 	0 	0 	0 	0 	0 	0 	0 	0 	0 	0 	0 	0 	0 	630 	665 	11 	31 
#record	64 	132 	106 	107 	63 	144 	115 	1079 	217 	193 	1160 	205 	178 	0 	0 	0 	0 	0 	0 	0 	0 	0 	0 	0 	0 	0 	0 	0 	0 	639 	675 	11 	31 
#record	65 	135 	107 	109 	64 	146 	116 	1091 	222 	198 	1170 	208 	183 	0 	0 	0 	0 	0 	0 	0 	0 	0 	0 	0 	0 	0 	0 	0 	0 	648 	684 	11 	32 
#record	66 	137 	109 	110 	65 	148 	118 	1099 	225 	202 	1183 	213 	187 	0 	0 	0 	0 	0 	0 	0 	0 	0 	0 	0 	0 	0 	0 	0 	0 	657 	694 	11 	32 
#record	67 	139 	110 	112 	66 	150 	120 	1111 	230 	207 	1192 	216 	192 	0 	0 	0 	0 	0 	0 	0 	0 	0 	0 	0 	0 	0 	0 	0 	0 	666 	703 	11 	33 
#record	68 	140 	112 	114 	67 	152 	122 	1118 	233 	212 	1204 	220 	196 	0 	0 	0 	0 	0 	0 	0 	0 	0 	0 	0 	0 	0 	0 	0 	0 	675 	713 	11 	33 
#record	69 	142 	113 	115 	68 	154 	124 	1128 	238 	217 	1212 	224 	201 	0 	0 	0 	0 	0 	0 	0 	0 	0 	0 	0 	0 	0 	0 	0 	0 	684 	722 	12 	34 
#record	70 	145 	115 	117 	69 	156 	124 	1135 	241 	222 	1220 	227 	205 	0 	0 	0 	0 	0 	0 	0 	0 	0 	0 	0 	0 	0 	0 	0 	0 	693 	732 	12 	34 
#record	71 	147 	116 	118 	70 	158 	126 	1156 	245 	226 	1243 	232 	209 	0 	0 	0 	0 	0 	0 	0 	0 	0 	0 	0 	0 	0 	0 	0 	0 	702 	741 	12 	35 
#record	72 	149 	119 	120 	71 	160 	128 	1174 	249 	231 	1263 	235 	214 	0 	0 	0 	0 	0 	0 	0 	0 	0 	0 	0 	0 	0 	0 	0 	0 	711 	751 	12 	35 
#record	73 	150 	120 	122 	72 	162 	130 	1195 	253 	236 	1283 	239 	218 	0 	0 	0 	0 	0 	0 	0 	0 	0 	0 	0 	0 	0 	0 	0 	0 	720 	760 	12 	36 
#record	74 	152 	122 	123 	73 	164 	132 	1213 	257 	241 	1306 	243 	223 	0 	0 	0 	0 	0 	0 	0 	0 	0 	0 	0 	0 	0 	0 	0 	0 	729 	770 	12 	36 
#record	75 	155 	123 	125 	74 	166 	133 	1234 	261 	246 	1326 	246 	227 	0 	0 	0 	0 	0 	0 	0 	0 	0 	0 	0 	0 	0 	0 	0 	0 	738 	779 	13 	37 
#record	76 	157 	125 	126 	75 	168 	135 	1252 	265 	250 	1349 	250 	232 	0 	0 	0 	0 	0 	0 	0 	0 	0 	0 	0 	0 	0 	0 	0 	0 	747 	789 	13 	37 
#record	77 	158 	126 	128 	76 	170 	137 	1273 	269 	255 	1369 	254 	236 	0 	0 	0 	0 	0 	0 	0 	0 	0 	0 	0 	0 	0 	0 	0 	0 	756 	798 	13 	38 
#record	78 	160 	128 	130 	77 	172 	139 	1291 	273 	260 	1389 	257 	241 	0 	0 	0 	0 	0 	0 	0 	0 	0 	0 	0 	0 	0 	0 	0 	0 	765 	808 	13 	38 
#record	79 	162 	129 	131 	78 	174 	141 	1312 	277 	265 	1412 	262 	245 	0 	0 	0 	0 	0 	0 	0 	0 	0 	0 	0 	0 	0 	0 	0 	0 	774 	817 	13 	39 
#record	80 	165 	131 	133 	79 	176 	142 	1330 	281 	270 	1432 	265 	249 	0 	0 	0 	0 	0 	0 	0 	0 	0 	0 	0 	0 	0 	0 	0 	0 	783 	827 	13 	39 
#record	81 	167 	132 	134 	80 	178 	143 	1351 	285 	274 	1451 	269 	254 	0 	0 	0 	0 	0 	0 	0 	0 	0 	0 	0 	0 	0 	0 	0 	0 	792 	836 	14 	40 
#record	82 	168 	134 	136 	81 	180 	145 	1369 	289 	279 	1475 	273 	258 	0 	0 	0 	0 	0 	0 	0 	0 	0 	0 	0 	0 	0 	0 	0 	0 	801 	846 	14 	40 
#record	83 	170 	136 	138 	82 	182 	147 	1390 	293 	284 	1495 	276 	263 	0 	0 	0 	0 	0 	0 	0 	0 	0 	0 	0 	0 	0 	0 	0 	0 	810 	855 	14 	41 
#record	84 	172 	137 	139 	83 	184 	149 	1408 	297 	289 	1518 	281 	267 	0 	0 	0 	0 	0 	0 	0 	0 	0 	0 	0 	0 	0 	0 	0 	0 	819 	865 	14 	41 
#record	85 	175 	139 	141 	84 	186 	150 	1429 	301 	294 	1538 	284 	272 	0 	0 	0 	0 	0 	0 	0 	0 	0 	0 	0 	0 	0 	0 	0 	0 	828 	874 	14 	42 
#record	86 	176 	140 	142 	85 	188 	152 	1447 	305 	298 	1557 	288 	276 	0 	0 	0 	0 	0 	0 	0 	0 	0 	0 	0 	0 	0 	0 	0 	0 	837 	884 	14 	42 
#record	87 	178 	142 	144 	86 	190 	154 	1469 	309 	303 	1581 	292 	281 	0 	0 	0 	0 	0 	0 	0 	0 	0 	0 	0 	0 	0 	0 	0 	0 	846 	893 	14 	43 
#record	88 	180 	143 	146 	87 	192 	156 	1486 	313 	308 	1601 	295 	285 	0 	0 	0 	0 	0 	0 	0 	0 	0 	0 	0 	0 	0 	0 	0 	0 	855 	903 	15 	43 
#record	89 	182 	145 	147 	88 	194 	158 	1508 	317 	313 	1620 	299 	289 	0 	0 	0 	0 	0 	0 	0 	0 	0 	0 	0 	0 	0 	0 	0 	0 	864 	912 	15 	44 
#record	90 	185 	146 	149 	89 	196 	159 	1525 	321 	318 	1644 	303 	294 	0 	0 	0 	0 	0 	0 	0 	0 	0 	0 	0 	0 	0 	0 	0 	0 	873 	922 	15 	44 
#record	91 	186 	148 	150 	90 	198 	161 	1547 	325 	322 	1663 	307 	298 	0 	0 	0 	0 	0 	0 	0 	0 	0 	0 	0 	0 	0 	0 	0 	0 	882 	931 	15 	45 
#record	92 	188 	150 	152 	91 	200 	162 	1564 	329 	327 	1687 	311 	303 	0 	0 	0 	0 	0 	0 	0 	0 	0 	0 	0 	0 	0 	0 	0 	0 	891 	941 	15 	45 
#record	93 	190 	152 	154 	92 	202 	164 	1586 	333 	332 	1707 	314 	307 	0 	0 	0 	0 	0 	0 	0 	0 	0 	0 	0 	0 	0 	0 	0 	0 	900 	950 	15 	46 
#record	94 	192 	153 	155 	93 	204 	166 	1603 	337 	337 	1726 	318 	312 	0 	0 	0 	0 	0 	0 	0 	0 	0 	0 	0 	0 	0 	0 	0 	0 	909 	960 	16 	46 
#record	95 	194 	155 	157 	94 	206 	167 	1625 	341 	342 	1750 	322 	316 	0 	0 	0 	0 	0 	0 	0 	0 	0 	0 	0 	0 	0 	0 	0 	0 	918 	969 	16 	47 
#record	96 	196 	156 	158 	95 	208 	169 	1642 	345 	346 	1769 	325 	321 	0 	0 	0 	0 	0 	0 	0 	0 	0 	0 	0 	0 	0 	0 	0 	0 	927 	979 	16 	47 
#record	97 	198 	158 	160 	96 	210 	171 	1664 	349 	351 	1789 	329 	325 	0 	0 	0 	0 	0 	0 	0 	0 	0 	0 	0 	0 	0 	0 	0 	0 	936 	988 	16 	48 
#record	98 	200 	159 	162 	97 	212 	173 	1681 	353 	356 	1813 	333 	329 	0 	0 	0 	0 	0 	0 	0 	0 	0 	0 	0 	0 	0 	0 	0 	0 	945 	998 	16 	48 
#record	99 	202 	161 	163 	98 	214 	175 	1703 	357 	361 	1832 	337 	334 	0 	0 	0 	0 	0 	0 	0 	0 	0 	0 	0 	0 	0 	0 	0 	0 	954 	1007 	16 	49 
#record	100 	209 	162 	170 	99 	216 	176 	1724 	361 	366 	1856 	341 	338 	0 	0 	0 	0 	0 	0 	0 	0 	0 	0 	0 	0 	0 	0 	0 	0 	963 	1017 	17 	49 
#record	101 	211 	164 	171 	100 	218 	178 	1742 	365 	370 	1875 	344 	343 	0 	0 	0 	0 	0 	0 	0 	0 	0 	0 	0 	0 	0 	0 	0 	0 	972 	1026 	17 	50 
#record	102 	213 	166 	173 	101 	220 	180 	1763 	369 	375 	1895 	348 	347 	0 	0 	0 	0 	0 	0 	0 	0 	0 	0 	0 	0 	0 	0 	0 	0 	981 	1036 	17 	50 
#record	103 	215 	167 	175 	102 	222 	181 	1781 	373 	380 	1919 	352 	352 	0 	0 	0 	0 	0 	0 	0 	0 	0 	0 	0 	0 	0 	0 	0 	0 	990 	1045 	17 	51 
#record	104 	217 	169 	176 	103 	224 	183 	1802 	377 	385 	1938 	356 	356 	0 	0 	0 	0 	0 	0 	0 	0 	0 	0 	0 	0 	0 	0 	0 	0 	999 	1055 	17 	51 
#record	105 	219 	170 	178 	104 	226 	184 	1820 	381 	390 	1958 	359 	361 	0 	0 	0 	0 	0 	0 	0 	0 	0 	0 	0 	0 	0 	0 	0 	0 	1008 	1064 	17 	52 
#record	106 	221 	172 	179 	105 	228 	186 	1841 	385 	394 	1981 	363 	365 	0 	0 	0 	0 	0 	0 	0 	0 	0 	0 	0 	0 	0 	0 	0 	0 	1017 	1074 	17 	52 
#record	107 	223 	173 	181 	106 	230 	188 	1859 	389 	399 	2001 	367 	369 	0 	0 	0 	0 	0 	0 	0 	0 	0 	0 	0 	0 	0 	0 	0 	0 	1026 	1083 	18 	53 
#record	108 	225 	175 	183 	107 	232 	190 	1880 	393 	404 	2024 	371 	374 	0 	0 	0 	0 	0 	0 	0 	0 	0 	0 	0 	0 	0 	0 	0 	0 	1035 	1093 	18 	53 
#record	109 	226 	176 	184 	108 	234 	192 	1898 	397 	409 	2044 	375 	378 	0 	0 	0 	0 	0 	0 	0 	0 	0 	0 	0 	0 	0 	0 	0 	0 	1044 	1102 	18 	54 
#record	110 	229 	178 	186 	109 	236 	193 	1919 	401 	414 	2064 	378 	383 	0 	0 	0 	0 	0 	0 	0 	0 	0 	0 	0 	0 	0 	0 	0 	0 	1053 	1112 	18 	54 
#record	111 	231 	179 	187 	110 	238 	195 	1937 	405 	418 	2087 	382 	387 	0 	0 	0 	0 	0 	0 	0 	0 	0 	0 	0 	0 	0 	0 	0 	0 	1062 	1121 	18 	55 
#record	112 	233 	182 	189 	111 	240 	197 	1958 	409 	423 	2107 	386 	392 	0 	0 	0 	0 	0 	0 	0 	0 	0 	0 	0 	0 	0 	0 	0 	0 	1071 	1131 	18 	55 
#record	113 	235 	183 	191 	112 	242 	199 	1976 	413 	428 	2126 	389 	396 	0 	0 	0 	0 	0 	0 	0 	0 	0 	0 	0 	0 	0 	0 	0 	0 	1080 	1140 	19 	56 
#record	114 	236 	185 	192 	113 	244 	200 	1997 	417 	433 	2150 	393 	401 	0 	0 	0 	0 	0 	0 	0 	0 	0 	0 	0 	0 	0 	0 	0 	0 	1089 	1150 	19 	56 
#record	115 	239 	186 	194 	114 	246 	201 	2015 	421 	438 	2170 	397 	405 	0 	0 	0 	0 	0 	0 	0 	0 	0 	0 	0 	0 	0 	0 	0 	0 	1098 	1159 	19 	57 
#record	116 	241 	188 	195 	115 	248 	203 	2036 	425 	442 	2193 	401 	409 	0 	0 	0 	0 	0 	0 	0 	0 	0 	0 	0 	0 	0 	0 	0 	0 	1107 	1169 	19 	57 
#record	117 	243 	189 	197 	116 	250 	205 	2054 	429 	447 	2213 	405 	414 	0 	0 	0 	0 	0 	0 	0 	0 	0 	0 	0 	0 	0 	0 	0 	0 	1116 	1178 	19 	58 
#record	118 	244 	191 	199 	117 	252 	207 	2075 	433 	452 	2232 	408 	418 	0 	0 	0 	0 	0 	0 	0 	0 	0 	0 	0 	0 	0 	0 	0 	0 	1125 	1188 	19 	58 
#record	119 	246 	192 	200 	118 	254 	209 	2093 	437 	457 	2256 	412 	423 	0 	0 	0 	0 	0 	0 	0 	0 	0 	0 	0 	0 	0 	0 	0 	0 	1134 	1197 	20 	59 
#record	120 	249 	194 	202 	119 	256 	210 	2114 	441 	462 	2276 	416 	427 	0 	0 	0 	0 	0 	0 	0 	0 	0 	0 	0 	0 	0 	0 	0 	0 	1143 	1207 	20 	60 
#record	121 	251 	195 	203 	120 	258 	212 	2132 	213 	466 	2295 	201 	432 	0 	0 	0 	0 	0 	0 	0 	0 	0 	0 	0 	0 	0 	0 	0 	0 	1152 	1216 	20 	60 
#record	122 	253 	197 	205 	121 	260 	214 	2153 	215 	471 	2319 	203 	436 	0 	0 	0 	0 	0 	0 	0 	0 	0 	0 	0 	0 	0 	0 	0 	0 	1161 	1226 	20 	61 
#record	123 	254 	199 	207 	122 	262 	216 	2171 	216 	476 	2338 	204 	441 	0 	0 	0 	0 	0 	0 	0 	0 	0 	0 	0 	0 	0 	0 	0 	0 	1170 	1235 	20 	61 
#record	124 	256 	200 	208 	123 	264 	218 	2192 	218 	481 	2362 	206 	445 	0 	0 	0 	0 	0 	0 	0 	0 	0 	0 	0 	0 	0 	0 	0 	0 	1179 	1245 	20 	62 
#record	125 	259 	202 	210 	124 	266 	219 	2210 	220 	486 	2382 	208 	449 	0 	0 	0 	0 	0 	0 	0 	0 	0 	0 	0 	0 	0 	0 	0 	0 	1188 	1254 	21 	62 
#record	126 	261 	203 	211 	125 	268 	220 	2231 	222 	490 	2401 	210 	454 	0 	0 	0 	0 	0 	0 	0 	0 	0 	0 	0 	0 	0 	0 	0 	0 	1197 	1264 	21 	63 
#record	127 	262 	205 	213 	126 	270 	222 	2249 	224 	495 	2425 	212 	458 	0 	0 	0 	0 	0 	0 	0 	0 	0 	0 	0 	0 	0 	0 	0 	0 	1206 	1273 	21 	63 
#record	128 	264 	206 	215 	127 	272 	224 	2270 	226 	500 	2444 	213 	463 	0 	0 	0 	0 	0 	0 	0 	0 	0 	0 	0 	0 	0 	0 	0 	0 	1215 	1283 	21 	64 
#record	129 	266 	208 	216 	128 	274 	226 	2288 	227 	505 	2464 	215 	467 	0 	0 	0 	0 	0 	0 	0 	0 	0 	0 	0 	0 	0 	0 	0 	0 	1224 	1292 	21 	64 
#record	130 	269 	209 	218 	129 	276 	227 	2309 	229 	510 	2488 	217 	472 	0 	0 	0 	0 	0 	0 	0 	0 	0 	0 	0 	0 	0 	0 	0 	0 	1233 	1302 	21 	65 
#record	131 	271 	211 	219 	130 	278 	229 	2327 	231 	514 	2507 	218 	476 	0 	0 	0 	0 	0 	0 	0 	0 	0 	0 	0 	0 	0 	0 	0 	0 	1242 	1311 	21 	65 
#record	132 	272 	213 	221 	131 	280 	231 	2348 	233 	519 	2531 	220 	481 	0 	0 	0 	0 	0 	0 	0 	0 	0 	0 	0 	0 	0 	0 	0 	0 	1251 	1321 	22 	66 
#record	133 	274 	215 	223 	132 	282 	233 	2366 	235 	524 	2550 	222 	485 	0 	0 	0 	0 	0 	0 	0 	0 	0 	0 	0 	0 	0 	0 	0 	0 	1260 	1330 	22 	66 
#record	134 	276 	216 	224 	133 	284 	235 	2387 	237 	529 	2570 	224 	489 	0 	0 	0 	0 	0 	0 	0 	0 	0 	0 	0 	0 	0 	0 	0 	0 	1269 	1340 	22 	67 
#record	135 	279 	218 	226 	134 	286 	236 	2405 	239 	534 	2594 	226 	494 	0 	0 	0 	0 	0 	0 	0 	0 	0 	0 	0 	0 	0 	0 	0 	0 	1278 	1349 	22 	67 
#record	136 	280 	219 	227 	135 	288 	238 	2426 	241 	538 	2613 	227 	498 	0 	0 	0 	0 	0 	0 	0 	0 	0 	0 	0 	0 	0 	0 	0 	0 	1287 	1359 	22 	68 
#record	137 	282 	221 	229 	136 	290 	239 	2444 	242 	543 	2633 	229 	503 	0 	0 	0 	0 	0 	0 	0 	0 	0 	0 	0 	0 	0 	0 	0 	0 	1296 	1368 	22 	68 
#record	138 	284 	222 	231 	137 	292 	241 	2465 	244 	548 	2656 	231 	507 	0 	0 	0 	0 	0 	0 	0 	0 	0 	0 	0 	0 	0 	0 	0 	0 	1305 	1378 	23 	69 
#record	139 	286 	224 	232 	138 	294 	243 	2483 	246 	553 	2676 	233 	512 	0 	0 	0 	0 	0 	0 	0 	0 	0 	0 	0 	0 	0 	0 	0 	0 	1314 	1387 	23 	69 
#record	140 	289 	225 	234 	139 	296 	244 	2505 	248 	558 	2700 	234 	516 	0 	0 	0 	0 	0 	0 	0 	0 	0 	0 	0 	0 	0 	0 	0 	0 	1323 	1397 	23 	70 
#record	141 	290 	227 	235 	140 	298 	246 	2522 	250 	562 	2719 	236 	521 	0 	0 	0 	0 	0 	0 	0 	0 	0 	0 	0 	0 	0 	0 	0 	0 	1332 	1406 	23 	70 
#record	142 	292 	229 	237 	141 	300 	248 	2544 	252 	567 	2739 	238 	525 	0 	0 	0 	0 	0 	0 	0 	0 	0 	0 	0 	0 	0 	0 	0 	0 	1341 	1416 	23 	71 
#record	143 	294 	230 	239 	142 	302 	250 	2561 	253 	572 	2762 	240 	529 	0 	0 	0 	0 	0 	0 	0 	0 	0 	0 	0 	0 	0 	0 	0 	0 	1350 	1425 	23 	71 
#record	144 	296 	232 	240 	143 	304 	252 	2583 	255 	577 	2782 	241 	534 	0 	0 	0 	0 	0 	0 	0 	0 	0 	0 	0 	0 	0 	0 	0 	0 	1359 	1435 	24 	72 
#record	145 	298 	233 	242 	144 	306 	253 	2600 	257 	582 	2802 	243 	538 	0 	0 	0 	0 	0 	0 	0 	0 	0 	0 	0 	0 	0 	0 	0 	0 	1368 	1444 	24 	72 
#record	146 	300 	235 	243 	145 	308 	255 	2622 	259 	586 	2825 	245 	543 	0 	0 	0 	0 	0 	0 	0 	0 	0 	0 	0 	0 	0 	0 	0 	0 	1377 	1454 	24 	73 
#record	147 	302 	236 	245 	146 	310 	257 	2639 	261 	591 	2845 	247 	547 	0 	0 	0 	0 	0 	0 	0 	0 	0 	0 	0 	0 	0 	0 	0 	0 	1386 	1463 	24 	73 
#record	148 	304 	238 	247 	147 	312 	258 	2661 	263 	596 	2868 	249 	552 	0 	0 	0 	0 	0 	0 	0 	0 	0 	0 	0 	0 	0 	0 	0 	0 	1395 	1473 	24 	74 
#record	149 	306 	239 	248 	148 	314 	260 	2682 	265 	601 	2888 	250 	556 	0 	0 	0 	0 	0 	0 	0 	0 	0 	0 	0 	0 	0 	0 	0 	0 	1404 	1482 	24 	74 
#record	150 	308 	241 	250 	149 	316 	261 	2700 	267 	606 	2908 	252 	561 	0 	0 	0 	0 	0 	0 	0 	0 	0 	0 	0 	0 	0 	0 	0 	0 	1413 	1492 	24 	75 
																																	
#end																																	
