
#ignore	\o042			
#exchange	#	\x20		

#table	Param																																		
#columntype	Dword	Dword	Dword	Dword	Dword	Dword	Dword	Dword	Dword	Dword	Dword	Dword	Dword	Dword	Dword	Dword	Dword	Dword	Dword	Dword	Dword	Dword	Dword	Dword	Dword	Dword	Dword	Dword	Dword	Word	Word	DWord	DWord		
#columnname	Level	Strength	Constitution	Intelligence	Wizdom	Dexterity	MentalPower	SoulHP	MAXSoulHP	PriceHPStone	SoulSP	MAXSoulSP	PriceSPStone	AtkPerAP	DmgPerAP	MaxPwrStone	NumPwrStone	PricePwrStone	PwrStoneWC	PwrStoneMA	MaxGrdStone	NumGrdStone	PriceGrdStone	GrdStoneAC	GrdStoneMR	PainRes	RestraintRes	CurseRes	ShockRes	MaxHP	MaxSP	CharTitlePt	SkillPwrPt		
#record	1 	11 	12 	6 	0 	10 	8 	36 	15 	3 	8 	7 	1 	0 	0 	0 	0 	0 	0 	0 	0 	0 	0 	0 	0 	0 	0 	0 	0 	84 	68 	1 	0 		
#record	2 	12 	13 	7 	1 	10 	9 	51 	15 	4 	16 	7 	2 	0 	0 	0 	0 	0 	0 	0 	0 	0 	0 	0 	0 	0 	0 	0 	0 	95 	77 	1 	0 		
#record	3 	13 	14 	7 	2 	11 	9 	63 	17 	6 	24 	8 	2 	0 	0 	0 	0 	0 	0 	0 	0 	0 	0 	0 	0 	0 	0 	0 	0 	105 	85 	1 	1 		
#record	4 	15 	16 	8 	3 	13 	11 	79 	17 	7 	32 	8 	3 	0 	0 	0 	0 	0 	0 	0 	0 	0 	0 	0 	0 	0 	0 	0 	0 	116 	94 	1 	1 		
#record	5 	18 	18 	10 	4 	15 	12 	95 	19 	8 	41 	9 	3 	0 	0 	0 	0 	0 	0 	0 	0 	0 	0 	0 	0 	0 	0 	0 	0 	126 	102 	1 	2 		
#record	6 	20 	20 	11 	5 	17 	14 	112 	20 	9 	53 	10 	4 	0 	0 	0 	0 	0 	0 	0 	0 	0 	0 	0 	0 	0 	0 	0 	0 	137 	111 	2 	2 		
#record	7 	22 	22 	12 	6 	19 	15 	128 	22 	10 	62 	11 	4 	0 	0 	0 	0 	0 	0 	0 	0 	0 	0 	0 	0 	0 	0 	0 	0 	147 	119 	2 	3 		
#record	8 	24 	24 	13 	7 	21 	17 	145 	23 	12 	70 	11 	5 	0 	0 	0 	0 	0 	0 	0 	0 	0 	0 	0 	0 	0 	0 	0 	0 	158 	128 	2 	3 		
#record	9 	26 	26 	14 	8 	23 	19 	158 	25 	13 	79 	12 	5 	0 	0 	0 	0 	0 	0 	0 	0 	0 	0 	0 	0 	0 	0 	0 	0 	168 	136 	2 	4 		
#record	10 	29 	28 	16 	9 	25 	20 	175 	26 	14 	87 	13 	6 	0 	0 	0 	0 	0 	0 	0 	0 	0 	0 	0 	0 	0 	0 	0 	0 	179 	145 	2 	4 		
#record	11 	31 	30 	17 	10 	27 	21 	191 	28 	15 	96 	14 	6 	0 	0 	0 	0 	0 	0 	0 	0 	0 	0 	0 	0 	0 	0 	0 	0 	189 	153 	2 	5 		
#record	12 	33 	34 	18 	11 	29 	23 	207 	29 	16 	104 	14 	7 	0 	0 	0 	0 	0 	0 	0 	0 	0 	0 	0 	0 	0 	0 	0 	0 	200 	162 	3 	5 		
#record	13 	35 	36 	19 	12 	30 	25 	224 	31 	18 	112 	15 	7 	0 	0 	0 	0 	0 	0 	0 	0 	0 	0 	0 	0 	0 	0 	0 	0 	210 	170 	3 	6 		
#record	14 	37 	38 	20 	13 	32 	26 	240 	32 	19 	120 	16 	8 	0 	0 	0 	0 	0 	0 	0 	0 	0 	0 	0 	0 	0 	0 	0 	0 	221 	179 	3 	6 		
#record	15 	40 	40 	22 	14 	34 	27 	253 	34 	20 	129 	16 	8 	0 	0 	0 	0 	0 	0 	0 	0 	0 	0 	0 	0 	0 	0 	0 	0 	231 	187 	3 	7 		
#record	16 	42 	42 	23 	15 	36 	29 	270 	35 	21 	137 	17 	9 	0 	0 	0 	0 	0 	0 	0 	0 	0 	0 	0 	0 	0 	0 	0 	0 	242 	196 	3 	7 		
#record	17 	44 	44 	24 	16 	38 	31 	286 	37 	22 	146 	18 	9 	0 	0 	0 	0 	0 	0 	0 	0 	0 	0 	0 	0 	0 	0 	0 	0 	252 	204 	3 	8 		
#record	18 	46 	46 	25 	17 	40 	32 	303 	38 	24 	154 	18 	10 	0 	0 	0 	0 	0 	0 	0 	0 	0 	0 	0 	0 	0 	0 	0 	0 	263 	213 	4 	8 		
#record	19 	48 	48 	26 	18 	42 	34 	319 	40 	25 	167 	19 	10 	0 	0 	0 	0 	0 	0 	0 	0 	0 	0 	0 	0 	0 	0 	0 	0 	273 	221 	4 	9 		
#record	20 	51 	50 	28 	19 	44 	35 	339 	58 	28 	179 	20 	12 	0 	0 	0 	0 	0 	0 	0 	0 	0 	0 	0 	0 	0 	0 	0 	0 	284 	230 	4 	9 		
#record	21 	53 	53 	29 	20 	46 	37 	362 	61 	32 	192 	22 	13 	0 	0 	0 	0 	0 	0 	0 	0 	0 	0 	0 	0 	0 	0 	0 	0 	294 	238 	4 	10 		
#record	22 	55 	56 	30 	21 	48 	38 	386 	71 	33 	204 	23 	15 	0 	0 	0 	0 	0 	0 	0 	0 	0 	0 	0 	0 	0 	0 	0 	0 	305 	247 	4 	10 		
#record	23 	57 	58 	31 	22 	49 	40 	406 	74 	34 	216 	24 	16 	0 	0 	0 	0 	0 	0 	0 	0 	0 	0 	0 	0 	0 	0 	0 	0 	315 	255 	4 	11 		
#record	24 	59 	60 	32 	23 	51 	42 	429 	86 	34 	228 	25 	18 	0 	0 	0 	0 	0 	0 	0 	0 	0 	0 	0 	0 	0 	0 	0 	0 	326 	264 	4 	11 		
#record	25 	62 	62 	34 	24 	53 	43 	453 	91 	37 	245 	26 	19 	0 	0 	0 	0 	0 	0 	0 	0 	0 	0 	0 	0 	0 	0 	0 	0 	336 	272 	5 	12 		
#record	26 	64 	64 	35 	25 	55 	44 	473 	94 	40 	257 	27 	21 	0 	0 	0 	0 	0 	0 	0 	0 	0 	0 	0 	0 	0 	0 	0 	0 	347 	281 	5 	12 		
#record	27 	66 	66 	36 	26 	57 	46 	497 	111 	43 	269 	54 	22 	0 	0 	0 	0 	0 	0 	0 	0 	0 	0 	0 	0 	0 	0 	0 	0 	357 	289 	5 	13 		
#record	28 	68 	68 	37 	27 	59 	48 	516 	115 	46 	282 	56 	24 	0 	0 	0 	0 	0 	0 	0 	0 	0 	0 	0 	0 	0 	0 	0 	0 	368 	298 	5 	13 		
#record	29 	70 	70 	38 	28 	61 	49 	540 	120 	48 	294 	58 	25 	0 	0 	0 	0 	0 	0 	0 	0 	0 	0 	0 	0 	0 	0 	0 	0 	378 	306 	5 	14 		
#record	30 	73 	72 	40 	29 	63 	50 	563 	125 	51 	307 	60 	27 	0 	0 	0 	0 	0 	0 	0 	0 	0 	0 	0 	0 	0 	0 	0 	0 	389 	315 	5 	14 		
#record	31 	75 	75 	41 	30 	65 	52 	583 	129 	54 	319 	63 	28 	0 	0 	0 	0 	0 	0 	0 	0 	0 	0 	0 	0 	0 	0 	0 	0 	399 	323 	6 	15 		
#record	32 	77 	78 	42 	31 	67 	54 	606 	133 	57 	336 	66 	30 	0 	0 	0 	0 	0 	0 	0 	0 	0 	0 	0 	0 	0 	0 	0 	0 	410 	332 	6 	15 		
#record	33 	79 	80 	43 	32 	68 	55 	630 	138 	60 	348 	68 	31 	0 	0 	0 	0 	0 	0 	0 	0 	0 	0 	0 	0 	0 	0 	0 	0 	420 	340 	6 	16 		
#record	34 	81 	82 	44 	33 	70 	57 	650 	142 	63 	360 	70 	33 	0 	0 	0 	0 	0 	0 	0 	0 	0 	0 	0 	0 	0 	0 	0 	0 	431 	349 	6 	16 		
#record	35 	84 	84 	46 	34 	72 	58 	674 	147 	66 	372 	72 	34 	0 	0 	0 	0 	0 	0 	0 	0 	0 	0 	0 	0 	0 	0 	0 	0 	441 	357 	6 	17 		
#record	36 	86 	86 	47 	35 	74 	60 	697 	152 	69 	385 	74 	36 	0 	0 	0 	0 	0 	0 	0 	0 	0 	0 	0 	0 	0 	0 	0 	0 	452 	366 	6 	17 		
#record	37 	88 	88 	48 	36 	76 	61 	717 	156 	72 	397 	77 	37 	0 	0 	0 	0 	0 	0 	0 	0 	0 	0 	0 	0 	0 	0 	0 	0 	462 	374 	7 	18 		
#record	38 	90 	90 	49 	37 	78 	63 	740 	161 	74 	414 	80 	39 	0 	0 	0 	0 	0 	0 	0 	0 	0 	0 	0 	0 	0 	0 	0 	0 	473 	383 	7 	18 		
#record	39 	92 	92 	50 	38 	80 	65 	764 	166 	77 	426 	82 	40 	0 	0 	0 	0 	0 	0 	0 	0 	0 	0 	0 	0 	0 	0 	0 	0 	483 	391 	7 	19 		
#record	40 	95 	95 	52 	39 	82 	65 	784 	170 	80 	439 	84 	42 	0 	0 	0 	0 	0 	0 	0 	0 	0 	0 	0 	0 	0 	0 	0 	0 	494 	400 	7 	19 		
#record	41 	97 	97 	53 	40 	84 	67 	807 	174 	83 	451 	86 	43 	0 	0 	0 	0 	0 	0 	0 	0 	0 	0 	0 	0 	0 	0 	0 	0 	504 	408 	7 	20 		
#record	42 	99 	100 	54 	41 	86 	69 	830 	179 	86 	464 	88 	45 	0 	0 	0 	0 	0 	0 	0 	0 	0 	0 	0 	0 	0 	0 	0 	0 	515 	417 	7 	20 		
#record	43 	101 	102 	55 	42 	87 	71 	851 	183 	89 	476 	91 	46 	0 	0 	0 	0 	0 	0 	0 	0 	0 	0 	0 	0 	0 	0 	0 	0 	525 	425 	7 	21 		
#record	44 	103 	104 	56 	43 	89 	72 	874 	188 	92 	492 	94 	48 	0 	0 	0 	0 	0 	0 	0 	0 	0 	0 	0 	0 	0 	0 	0 	0 	536 	434 	8 	21 		
#record	45 	106 	106 	58 	44 	91 	73 	894 	192 	95 	504 	96 	49 	0 	0 	0 	0 	0 	0 	0 	0 	0 	0 	0 	0 	0 	0 	0 	0 	546 	442 	8 	22 		
#record	46 	108 	108 	59 	45 	93 	75 	917 	197 	97 	517 	98 	51 	0 	0 	0 	0 	0 	0 	0 	0 	0 	0 	0 	0 	0 	0 	0 	0 	557 	451 	8 	22 		
#record	47 	110 	110 	60 	46 	95 	77 	941 	202 	100 	529 	100 	52 	0 	0 	0 	0 	0 	0 	0 	0 	0 	0 	0 	0 	0 	0 	0 	0 	567 	459 	8 	23 		
#record	48 	112 	112 	61 	47 	97 	78 	961 	206 	103 	542 	102 	54 	0 	0 	0 	0 	0 	0 	0 	0 	0 	0 	0 	0 	0 	0 	0 	0 	578 	468 	8 	23 		
#record	49 	114 	114 	62 	48 	99 	80 	984 	211 	106 	554 	105 	55 	0 	0 	0 	0 	0 	0 	0 	0 	0 	0 	0 	0 	0 	0 	0 	0 	588 	476 	8 	24 		
#record	50 	117 	117 	64 	49 	101 	81 	1008 	215 	109 	571 	108 	57 	0 	0 	0 	0 	0 	0 	0 	0 	0 	0 	0 	0 	0 	0 	0 	0 	599 	485 	9 	24 		
#record	51 	119 	119 	65 	50 	103 	82 	1028 	219 	126 	583 	110 	67 	0 	0 	0 	0 	0 	0 	0 	0 	0 	0 	0 	0 	0 	0 	0 	0 	609 	493 	9 	25 		
#record	52 	121 	122 	66 	51 	105 	84 	1052 	224 	129 	595 	112 	69 	0 	0 	0 	0 	0 	0 	0 	0 	0 	0 	0 	0 	0 	0 	0 	0 	620 	502 	9 	25 		
#record	53 	123 	124 	67 	52 	106 	86 	1075 	229 	132 	608 	114 	70 	0 	0 	0 	0 	0 	0 	0 	0 	0 	0 	0 	0 	0 	0 	0 	0 	630 	510 	9 	26 		
#record	54 	125 	126 	68 	53 	108 	88 	1095 	233 	136 	620 	116 	72 	0 	0 	0 	0 	0 	0 	0 	0 	0 	0 	0 	0 	0 	0 	0 	0 	641 	519 	9 	26 		
#record	55 	128 	128 	70 	54 	110 	88 	1118 	238 	139 	632 	119 	74 	0 	0 	0 	0 	0 	0 	0 	0 	0 	0 	0 	0 	0 	0 	0 	0 	651 	527 	9 	27 		
#record	56 	130 	130 	71 	55 	112 	90 	1142 	243 	142 	644 	121 	76 	0 	0 	0 	0 	0 	0 	0 	0 	0 	0 	0 	0 	0 	0 	0 	0 	662 	536 	10 	27 		
#record	57 	132 	132 	72 	56 	114 	92 	1162 	247 	145 	661 	124 	77 	0 	0 	0 	0 	0 	0 	0 	0 	0 	0 	0 	0 	0 	0 	0 	0 	672 	544 	10 	28 		
#record	58 	134 	134 	73 	57 	116 	94 	1185 	252 	149 	673 	126 	79 	0 	0 	0 	0 	0 	0 	0 	0 	0 	0 	0 	0 	0 	0 	0 	0 	683 	553 	10 	28 		
#record	59 	136 	137 	74 	58 	118 	95 	1208 	256 	152 	686 	128 	81 	0 	0 	0 	0 	0 	0 	0 	0 	0 	0 	0 	0 	0 	0 	0 	0 	693 	561 	10 	29 		
#record	60 	139 	139 	76 	59 	120 	96 	1232 	261 	208 	702 	131 	114 	0 	0 	0 	0 	0 	0 	0 	0 	0 	0 	0 	0 	0 	0 	0 	0 	704 	570 	10 	29 		
#record	61 	141 	141 	77 	60 	122 	98 	1259 	267 	214 	715 	133 	118 	0 	0 	0 	0 	0 	0 	0 	0 	0 	0 	0 	0 	0 	0 	0 	0 	714 	578 	10 	30 		
#record	62 	143 	144 	78 	61 	124 	99 	1283 	271 	220 	731 	136 	121 	0 	0 	0 	0 	0 	0 	0 	0 	0 	0 	0 	0 	0 	0 	0 	0 	725 	587 	11 	30 		
#record	63 	145 	146 	79 	62 	125 	101 	1309 	277 	226 	748 	139 	124 	0 	0 	0 	0 	0 	0 	0 	0 	0 	0 	0 	0 	0 	0 	0 	0 	735 	595 	11 	31 		
#record	64 	147 	148 	80 	63 	127 	103 	1333 	282 	231 	760 	141 	127 	0 	0 	0 	0 	0 	0 	0 	0 	0 	0 	0 	0 	0 	0 	0 	0 	746 	604 	11 	31 		
#record	65 	150 	150 	82 	64 	129 	104 	1360 	287 	237 	776 	144 	130 	0 	0 	0 	0 	0 	0 	0 	0 	0 	0 	0 	0 	0 	0 	0 	0 	756 	612 	11 	32 		
#record	66 	152 	152 	83 	65 	131 	105 	1383 	292 	243 	792 	147 	133 	0 	0 	0 	0 	0 	0 	0 	0 	0 	0 	0 	0 	0 	0 	0 	0 	767 	621 	11 	32 		
#record	67 	154 	154 	84 	66 	133 	107 	1410 	297 	249 	809 	150 	137 	0 	0 	0 	0 	0 	0 	0 	0 	0 	0 	0 	0 	0 	0 	0 	0 	777 	629 	11 	33 		
#record	68 	156 	156 	85 	67 	135 	109 	1437 	303 	254 	821 	152 	140 	0 	0 	0 	0 	0 	0 	0 	0 	0 	0 	0 	0 	0 	0 	0 	0 	788 	638 	11 	33 		
#record	69 	158 	159 	86 	68 	137 	111 	1460 	308 	260 	838 	155 	143 	0 	0 	0 	0 	0 	0 	0 	0 	0 	0 	0 	0 	0 	0 	0 	0 	798 	646 	12 	34 		
#record	70 	161 	161 	88 	69 	139 	111 	1488 	313 	266 	854 	158 	146 	0 	0 	0 	0 	0 	0 	0 	0 	0 	0 	0 	0 	0 	0 	0 	0 	809 	655 	12 	34 		
#record	71 	163 	163 	89 	70 	141 	113 	1511 	318 	272 	867 	160 	149 	0 	0 	0 	0 	0 	0 	0 	0 	0 	0 	0 	0 	0 	0 	0 	0 	819 	663 	12 	35 		
#record	72 	165 	166 	90 	71 	143 	115 	1538 	324 	277 	883 	163 	152 	0 	0 	0 	0 	0 	0 	0 	0 	0 	0 	0 	0 	0 	0 	0 	0 	830 	672 	12 	35 		
#record	73 	167 	168 	91 	72 	144 	116 	1561 	328 	283 	900 	166 	156 	0 	0 	0 	0 	0 	0 	0 	0 	0 	0 	0 	0 	0 	0 	0 	0 	840 	680 	12 	36 		
#record	74 	169 	170 	92 	73 	146 	118 	1589 	334 	289 	912 	168 	159 	0 	0 	0 	0 	0 	0 	0 	0 	0 	0 	0 	0 	0 	0 	0 	0 	851 	689 	12 	36 		
#record	75 	172 	172 	94 	74 	148 	119 	1616 	339 	295 	928 	171 	162 	0 	0 	0 	0 	0 	0 	0 	0 	0 	0 	0 	0 	0 	0 	0 	0 	861 	697 	13 	37 		
#record	76 	174 	174 	95 	75 	150 	121 	1639 	344 	300 	944 	174 	165 	0 	0 	0 	0 	0 	0 	0 	0 	0 	0 	0 	0 	0 	0 	0 	0 	872 	706 	13 	37 		
#record	77 	176 	176 	96 	76 	152 	122 	1666 	350 	306 	960 	177 	168 	0 	0 	0 	0 	0 	0 	0 	0 	0 	0 	0 	0 	0 	0 	0 	0 	882 	714 	13 	38 		
#record	78 	178 	179 	97 	77 	154 	124 	1689 	354 	312 	973 	179 	171 	0 	0 	0 	0 	0 	0 	0 	0 	0 	0 	0 	0 	0 	0 	0 	0 	893 	723 	13 	38 		
#record	79 	180 	181 	98 	78 	156 	126 	1717 	360 	318 	989 	182 	175 	0 	0 	0 	0 	0 	0 	0 	0 	0 	0 	0 	0 	0 	0 	0 	0 	903 	731 	13 	39 		
#record	80 	183 	183 	100 	79 	158 	127 	1740 	365 	324 	1006 	185 	178 	0 	0 	0 	0 	0 	0 	0 	0 	0 	0 	0 	0 	0 	0 	0 	0 	914 	740 	13 	39 		
#record	81 	185 	185 	101 	80 	160 	128 	1767 	370 	329 	1018 	187 	181 	0 	0 	0 	0 	0 	0 	0 	0 	0 	0 	0 	0 	0 	0 	0 	0 	924 	748 	14 	40 		
#record	82 	187 	188 	102 	81 	162 	130 	1790 	375 	335 	1035 	190 	184 	0 	0 	0 	0 	0 	0 	0 	0 	0 	0 	0 	0 	0 	0 	0 	0 	935 	757 	14 	40 		
#record	83 	189 	190 	103 	82 	163 	132 	1817 	381 	341 	1051 	193 	187 	0 	0 	0 	0 	0 	0 	0 	0 	0 	0 	0 	0 	0 	0 	0 	0 	945 	765 	14 	41 		
#record	84 	191 	192 	104 	83 	165 	133 	1844 	386 	347 	1064 	196 	190 	0 	0 	0 	0 	0 	0 	0 	0 	0 	0 	0 	0 	0 	0 	0 	0 	956 	774 	14 	41 		
#record	85 	194 	194 	106 	84 	167 	134 	1868 	391 	352 	1080 	198 	194 	0 	0 	0 	0 	0 	0 	0 	0 	0 	0 	0 	0 	0 	0 	0 	0 	966 	782 	14 	42 		
#record	86 	196 	196 	107 	85 	169 	136 	1894 	396 	358 	1096 	201 	197 	0 	0 	0 	0 	0 	0 	0 	0 	0 	0 	0 	0 	0 	0 	0 	0 	977 	791 	14 	42 		
#record	87 	198 	198 	108 	86 	171 	138 	1918 	401 	364 	1112 	204 	200 	0 	0 	0 	0 	0 	0 	0 	0 	0 	0 	0 	0 	0 	0 	0 	0 	987 	799 	14 	43 		
#record	88 	200 	201 	109 	87 	173 	139 	1945 	407 	370 	1125 	207 	203 	0 	0 	0 	0 	0 	0 	0 	0 	0 	0 	0 	0 	0 	0 	0 	0 	998 	808 	15 	43 		
#record	89 	202 	203 	110 	88 	175 	141 	1969 	411 	375 	1141 	209 	206 	0 	0 	0 	0 	0 	0 	0 	0 	0 	0 	0 	0 	0 	0 	0 	0 	1008 	816 	15 	44 		
#record	90 	205 	205 	112 	89 	177 	142 	1995 	417 	381 	1158 	212 	209 	0 	0 	0 	0 	0 	0 	0 	0 	0 	0 	0 	0 	0 	0 	0 	0 	1019 	825 	15 	44 		
#record	91 	207 	207 	113 	90 	179 	144 	2019 	422 	387 	1170 	215 	213 	0 	0 	0 	0 	0 	0 	0 	0 	0 	0 	0 	0 	0 	0 	0 	0 	1029 	833 	15 	45 		
#record	92 	209 	210 	114 	91 	181 	145 	2046 	427 	393 	1187 	218 	216 	0 	0 	0 	0 	0 	0 	0 	0 	0 	0 	0 	0 	0 	0 	0 	0 	1040 	842 	15 	45 		
#record	93 	211 	212 	115 	92 	182 	147 	2073 	433 	398 	1203 	220 	219 	0 	0 	0 	0 	0 	0 	0 	0 	0 	0 	0 	0 	0 	0 	0 	0 	1050 	850 	15 	46 		
#record	94 	213 	214 	116 	93 	184 	149 	2096 	437 	404 	1216 	223 	222 	0 	0 	0 	0 	0 	0 	0 	0 	0 	0 	0 	0 	0 	0 	0 	0 	1061 	859 	16 	46 		
#record	95 	216 	216 	118 	94 	186 	150 	2123 	443 	410 	1232 	226 	225 	0 	0 	0 	0 	0 	0 	0 	0 	0 	0 	0 	0 	0 	0 	0 	0 	1071 	867 	16 	47 		
#record	96 	218 	218 	119 	95 	188 	151 	2146 	448 	416 	1248 	229 	228 	0 	0 	0 	0 	0 	0 	0 	0 	0 	0 	0 	0 	0 	0 	0 	0 	1082 	876 	16 	47 		
#record	97 	220 	221 	120 	96 	190 	153 	2174 	453 	421 	1264 	231 	232 	0 	0 	0 	0 	0 	0 	0 	0 	0 	0 	0 	0 	0 	0 	0 	0 	1092 	884 	16 	48 		
#record	98 	222 	223 	121 	97 	192 	155 	2197 	458 	427 	1277 	234 	235 	0 	0 	0 	0 	0 	0 	0 	0 	0 	0 	0 	0 	0 	0 	0 	0 	1103 	893 	16 	48 		
#record	99 	224 	225 	122 	98 	194 	156 	2224 	464 	433 	1293 	237 	238 	0 	0 	0 	0 	0 	0 	0 	0 	0 	0 	0 	0 	0 	0 	0 	0 	1113 	901 	16 	49 		
#record	100 	227 	227 	124 	99 	196 	157 	2251 	469 	439 	1310 	240 	241 	0 	0 	0 	0 	0 	0 	0 	0 	0 	0 	0 	0 	0 	0 	0 	0 	1124 	910 	17 	49 		
#record	101 	229 	229 	125 	100 	198 	159 	2275 	474 	444 	1322 	242 	244 	0 	0 	0 	0 	0 	0 	0 	0 	0 	0 	0 	0 	0 	0 	0 	0 	1134 	918 	17 	50 		
#record	102 	231 	232 	126 	101 	200 	161 	2302 	479 	450 	1338 	245 	247 	0 	0 	0 	0 	0 	0 	0 	0 	0 	0 	0 	0 	0 	0 	0 	0 	1145 	927 	17 	50 		
#record	103 	233 	234 	127 	102 	201 	162 	2325 	484 	456 	1355 	248 	251 	0 	0 	0 	0 	0 	0 	0 	0 	0 	0 	0 	0 	0 	0 	0 	0 	1155 	935 	17 	51 		
#record	104 	235 	236 	128 	103 	203 	164 	2352 	490 	462 	1367 	250 	254 	0 	0 	0 	0 	0 	0 	0 	0 	0 	0 	0 	0 	0 	0 	0 	0 	1166 	944 	17 	51 		
#record	105 	238 	238 	130 	104 	205 	165 	2375 	494 	468 	1384 	253 	257 	0 	0 	0 	0 	0 	0 	0 	0 	0 	0 	0 	0 	0 	0 	0 	0 	1176 	952 	17 	52 		
#record	106 	240 	240 	131 	105 	207 	167 	2403 	500 	473 	1400 	256 	260 	0 	0 	0 	0 	0 	0 	0 	0 	0 	0 	0 	0 	0 	0 	0 	0 	1187 	961 	17 	52 		
#record	107 	242 	243 	132 	106 	209 	168 	2426 	505 	479 	1416 	259 	263 	0 	0 	0 	0 	0 	0 	0 	0 	0 	0 	0 	0 	0 	0 	0 	0 	1197 	969 	18 	53 		
#record	108 	244 	245 	133 	107 	211 	170 	2453 	510 	485 	1428 	261 	266 	0 	0 	0 	0 	0 	0 	0 	0 	0 	0 	0 	0 	0 	0 	0 	0 	1208 	978 	18 	53 		
#record	109 	246 	247 	134 	108 	213 	172 	2480 	516 	491 	1445 	264 	270 	0 	0 	0 	0 	0 	0 	0 	0 	0 	0 	0 	0 	0 	0 	0 	0 	1218 	986 	18 	54 		
#record	110 	249 	249 	136 	109 	215 	173 	2503 	521 	496 	1461 	267 	273 	0 	0 	0 	0 	0 	0 	0 	0 	0 	0 	0 	0 	0 	0 	0 	0 	1229 	995 	18 	54 		
#record	111 	251 	251 	137 	110 	217 	174 	2530 	526 	502 	1474 	269 	276 	0 	0 	0 	0 	0 	0 	0 	0 	0 	0 	0 	0 	0 	0 	0 	0 	1239 	1003 	18 	55 		
#record	112 	253 	254 	138 	111 	219 	176 	2554 	531 	508 	1490 	272 	279 	0 	0 	0 	0 	0 	0 	0 	0 	0 	0 	0 	0 	0 	0 	0 	0 	1250 	1012 	18 	55 		
#record	113 	255 	256 	139 	112 	220 	178 	2580 	536 	514 	1507 	275 	282 	0 	0 	0 	0 	0 	0 	0 	0 	0 	0 	0 	0 	0 	0 	0 	0 	1260 	1020 	19 	56 		
#record	114 	257 	258 	140 	113 	222 	179 	2604 	541 	519 	1519 	277 	285 	0 	0 	0 	0 	0 	0 	0 	0 	0 	0 	0 	0 	0 	0 	0 	0 	1271 	1029 	19 	56 		
#record	115 	260 	260 	142 	114 	224 	180 	2631 	547 	525 	1536 	280 	289 	0 	0 	0 	0 	0 	0 	0 	0 	0 	0 	0 	0 	0 	0 	0 	0 	1281 	1037 	19 	57 		
#record	116 	262 	263 	143 	115 	226 	182 	2655 	551 	531 	1552 	283 	292 	0 	0 	0 	0 	0 	0 	0 	0 	0 	0 	0 	0 	0 	0 	0 	0 	1292 	1046 	19 	57 		
#record	117 	264 	265 	144 	116 	228 	184 	2681 	557 	537 	1568 	286 	295 	0 	0 	0 	0 	0 	0 	0 	0 	0 	0 	0 	0 	0 	0 	0 	0 	1302 	1054 	19 	58 		
#record	118 	266 	267 	145 	117 	230 	185 	2709 	562 	542 	1580 	288 	298 	0 	0 	0 	0 	0 	0 	0 	0 	0 	0 	0 	0 	0 	0 	0 	0 	1313 	1063 	19 	58 		
#record	119 	268 	269 	146 	118 	232 	187 	2732 	567 	548 	1597 	291 	301 	0 	0 	0 	0 	0 	0 	0 	0 	0 	0 	0 	0 	0 	0 	0 	0 	1323 	1071 	20 	59 		
#record	120 	271 	271 	148 	119 	234 	188 	2759 	573 	554 	1613 	294 	304 	0 	0 	0 	0 	0 	0 	0 	0 	0 	0 	0 	0 	0 	0 	0 	0 	1334 	1080 	20 	60 		
#record	121 	273 	273 	149 	120 	236 	190 	2782 	577 	560 	1626 	296 	308 	0 	0 	0 	0 	0 	0 	0 	0 	0 	0 	0 	0 	0 	0 	0 	0 	1344 	1088 	20 	60 		
#record	122 	275 	276 	150 	121 	238 	191 	2809 	583 	565 	1642 	299 	311 	0 	0 	0 	0 	0 	0 	0 	0 	0 	0 	0 	0 	0 	0 	0 	0 	1355 	1097 	20 	61 		
#record	123 	277 	278 	151 	122 	239 	193 	2832 	588 	571 	1659 	302 	314 	0 	0 	0 	0 	0 	0 	0 	0 	0 	0 	0 	0 	0 	0 	0 	0 	1365 	1105 	20 	61 		
#record	124 	279 	280 	152 	123 	241 	195 	2860 	593 	577 	1671 	304 	317 	0 	0 	0 	0 	0 	0 	0 	0 	0 	0 	0 	0 	0 	0 	0 	0 	1376 	1114 	20 	62 		
#record	125 	282 	282 	154 	124 	243 	196 	2887 	599 	583 	1688 	307 	320 	0 	0 	0 	0 	0 	0 	0 	0 	0 	0 	0 	0 	0 	0 	0 	0 	1386 	1122 	21 	62 		
#record	126 	284 	285 	155 	125 	245 	197 	2910 	604 	588 	1704 	310 	323 	0 	0 	0 	0 	0 	0 	0 	0 	0 	0 	0 	0 	0 	0 	0 	0 	1397 	1131 	21 	63 		
#record	127 	286 	287 	156 	126 	247 	199 	2937 	609 	594 	1720 	313 	327 	0 	0 	0 	0 	0 	0 	0 	0 	0 	0 	0 	0 	0 	0 	0 	0 	1407 	1139 	21 	63 		
#record	128 	288 	289 	157 	127 	249 	201 	2961 	614 	600 	1732 	315 	330 	0 	0 	0 	0 	0 	0 	0 	0 	0 	0 	0 	0 	0 	0 	0 	0 	1418 	1148 	21 	64 		
#record	129 	290 	291 	158 	128 	251 	202 	2988 	619 	606 	1748 	318 	333 	0 	0 	0 	0 	0 	0 	0 	0 	0 	0 	0 	0 	0 	0 	0 	0 	1428 	1156 	21 	64 		
#record	130 	293 	293 	160 	129 	253 	203 	3011 	624 	612 	1765 	321 	336 	0 	0 	0 	0 	0 	0 	0 	0 	0 	0 	0 	0 	0 	0 	0 	0 	1439 	1165 	21 	65 		
#record	131 	295 	295 	161 	130 	255 	205 	3038 	630 	617 	1777 	323 	339 	0 	0 	0 	0 	0 	0 	0 	0 	0 	0 	0 	0 	0 	0 	0 	0 	1449 	1173 	21 	65 		
#record	132 	297 	298 	162 	131 	257 	207 	3061 	634 	623 	1794 	326 	342 	0 	0 	0 	0 	0 	0 	0 	0 	0 	0 	0 	0 	0 	0 	0 	0 	1460 	1182 	22 	66 		
#record	133 	299 	300 	163 	132 	258 	208 	3089 	640 	629 	1810 	329 	346 	0 	0 	0 	0 	0 	0 	0 	0 	0 	0 	0 	0 	0 	0 	0 	0 	1470 	1190 	22 	66 		
#record	134 	301 	302 	164 	133 	260 	210 	3115 	645 	635 	1823 	331 	349 	0 	0 	0 	0 	0 	0 	0 	0 	0 	0 	0 	0 	0 	0 	0 	0 	1481 	1199 	22 	67 		
#record	135 	304 	305 	166 	134 	262 	211 	3139 	650 	640 	1839 	334 	352 	0 	0 	0 	0 	0 	0 	0 	0 	0 	0 	0 	0 	0 	0 	0 	0 	1491 	1207 	22 	67 		
#record	136 	306 	307 	167 	135 	264 	213 	3166 	656 	646 	1856 	337 	355 	0 	0 	0 	0 	0 	0 	0 	0 	0 	0 	0 	0 	0 	0 	0 	0 	1502 	1216 	22 	68 		
#record	137 	308 	309 	168 	136 	266 	214 	3189 	661 	652 	1872 	340 	358 	0 	0 	0 	0 	0 	0 	0 	0 	0 	0 	0 	0 	0 	0 	0 	0 	1512 	1224 	22 	68 		
#record	138 	310 	311 	169 	137 	268 	216 	3216 	666 	658 	1884 	342 	361 	0 	0 	0 	0 	0 	0 	0 	0 	0 	0 	0 	0 	0 	0 	0 	0 	1523 	1233 	23 	69 		
#record	139 	312 	313 	170 	138 	270 	218 	3240 	671 	663 	1900 	345 	365 	0 	0 	0 	0 	0 	0 	0 	0 	0 	0 	0 	0 	0 	0 	0 	0 	1533 	1241 	23 	69 		
#record	140 	315 	315 	172 	139 	272 	218 	3266 	676 	669 	1917 	348 	368 	0 	0 	0 	0 	0 	0 	0 	0 	0 	0 	0 	0 	0 	0 	0 	0 	1544 	1250 	23 	70 		
#record	141 	317 	317 	173 	140 	274 	220 	3290 	681 	675 	1929 	350 	371 	0 	0 	0 	0 	0 	0 	0 	0 	0 	0 	0 	0 	0 	0 	0 	0 	1554 	1258 	23 	70 		
#record	142 	319 	320 	174 	141 	276 	222 	3317 	687 	681 	1946 	353 	374 	0 	0 	0 	0 	0 	0 	0 	0 	0 	0 	0 	0 	0 	0 	0 	0 	1565 	1267 	23 	71 		
#record	143 	321 	322 	175 	142 	277 	224 	3344 	692 	686 	1962 	356 	377 	0 	0 	0 	0 	0 	0 	0 	0 	0 	0 	0 	0 	0 	0 	0 	0 	1575 	1275 	23 	71 		
#record	144 	323 	324 	176 	143 	279 	225 	3367 	697 	692 	1975 	358 	380 	0 	0 	0 	0 	0 	0 	0 	0 	0 	0 	0 	0 	0 	0 	0 	0 	1586 	1284 	24 	72 		
#record	145 	326 	327 	178 	144 	281 	226 	3395 	702 	698 	1991 	361 	384 	0 	0 	0 	0 	0 	0 	0 	0 	0 	0 	0 	0 	0 	0 	0 	0 	1596 	1292 	24 	72 		
#record	146 	328 	329 	179 	145 	283 	228 	3418 	707 	704 	2008 	364 	387 	0 	0 	0 	0 	0 	0 	0 	0 	0 	0 	0 	0 	0 	0 	0 	0 	1607 	1301 	24 	73 		
#record	147 	330 	331 	180 	146 	285 	230 	3445 	713 	709 	2024 	367 	390 	0 	0 	0 	0 	0 	0 	0 	0 	0 	0 	0 	0 	0 	0 	0 	0 	1617 	1309 	24 	73 		
#record	148 	332 	333 	181 	147 	287 	231 	3468 	717 	715 	2036 	369 	393 	0 	0 	0 	0 	0 	0 	0 	0 	0 	0 	0 	0 	0 	0 	0 	0 	1628 	1318 	24 	74 		
#record	149 	334 	335 	182 	148 	289 	233 	3495 	723 	721 	2052 	372 	396 	0 	0 	0 	0 	0 	0 	0 	0 	0 	0 	0 	0 	0 	0 	0 	0 	1638 	1326 	24 	74 		
#record	150 	337 	337 	184 	149 	291 	234 	3523 	729 	727 	2069 	375 	399 	0 	0 	0 	0 	0 	0 	0 	0 	0 	0 	0 	0 	0 	0 	0 	0 	1649 	1335 	24 	75 		
																																			
#end																																			
