
#ignore	\o042			
#exchange	#	\x20		

#table	Param																																		
#columntype	Dword	Dword	Dword	Dword	Dword	Dword	Dword	Dword	Dword	Dword	Dword	Dword	Dword	Dword	Dword	Dword	Dword	Dword	Dword	Dword	Dword	Dword	Dword	Dword	Dword	Dword	Dword	Dword	Dword	Word	Word	DWord	DWord		
#columnname	Level	Strength	Constitution	Intelligence	Wizdom	Dexterity	MentalPower	SoulHP	MAXSoulHP	PriceHPStone	SoulSP	MAXSoulSP	PriceSPStone	AtkPerAP	DmgPerAP	MaxPwrStone	NumPwrStone	PricePwrStone	PwrStoneWC	PwrStoneMA	MaxGrdStone	NumGrdStone	PriceGrdStone	GrdStoneAC	GrdStoneMR	PainRes	RestraintRes	CurseRes	ShockRes	MaxHP	MaxSP	CharTitlePt	SkillPwrPt		
#record	1 	11 	22 	6 	0 	10 	8 	36 	15 	3 	8 	7 	1 	0 	0 	0 	0 	0 	0 	0 	0 	0 	0 	0 	0 	0 	0 	0 	0 	84 	68 	1 	0 		
#record	2 	12 	23 	7 	1 	10 	9 	52 	15 	4 	16 	7 	2 	0 	0 	0 	0 	0 	0 	0 	0 	0 	0 	0 	0 	0 	0 	0 	0 	95 	77 	1 	0 		
#record	3 	13 	24 	7 	2 	11 	9 	63 	17 	6 	25 	8 	2 	0 	0 	0 	0 	0 	0 	0 	0 	0 	0 	0 	0 	0 	0 	0 	0 	105 	85 	1 	1 		
#record	4 	15 	26 	8 	3 	13 	11 	80 	17 	7 	33 	8 	3 	0 	0 	0 	0 	0 	0 	0 	0 	0 	0 	0 	0 	0 	0 	0 	0 	116 	94 	1 	1 		
#record	5 	18 	28 	10 	4 	15 	12 	96 	19 	8 	42 	9 	3 	0 	0 	0 	0 	0 	0 	0 	0 	0 	0 	0 	0 	0 	0 	0 	0 	126 	102 	1 	2 		
#record	6 	20 	30 	11 	5 	17 	14 	113 	20 	9 	54 	10 	4 	0 	0 	0 	0 	0 	0 	0 	0 	0 	0 	0 	0 	0 	0 	0 	0 	137 	111 	2 	2 		
#record	7 	22 	32 	12 	6 	19 	15 	129 	22 	10 	62 	11 	4 	0 	0 	0 	0 	0 	0 	0 	0 	0 	0 	0 	0 	0 	0 	0 	0 	147 	119 	2 	3 		
#record	8 	24 	34 	13 	7 	21 	17 	146 	23 	12 	70 	11 	5 	0 	0 	0 	0 	0 	0 	0 	0 	0 	0 	0 	0 	0 	0 	0 	0 	158 	128 	2 	3 		
#record	9 	26 	36 	14 	8 	23 	19 	158 	25 	13 	79 	12 	5 	0 	0 	0 	0 	0 	0 	0 	0 	0 	0 	0 	0 	0 	0 	0 	0 	168 	136 	2 	4 		
#record	10 	29 	38 	16 	9 	25 	20 	175 	26 	14 	87 	13 	6 	0 	0 	0 	0 	0 	0 	0 	0 	0 	0 	0 	0 	0 	0 	0 	0 	179 	145 	2 	4 		
#record	11 	31 	40 	17 	10 	27 	21 	191 	28 	15 	96 	14 	6 	0 	0 	0 	0 	0 	0 	0 	0 	0 	0 	0 	0 	0 	0 	0 	0 	189 	153 	2 	5 		
#record	12 	33 	44 	18 	11 	29 	23 	208 	29 	16 	104 	14 	7 	0 	0 	0 	0 	0 	0 	0 	0 	0 	0 	0 	0 	0 	0 	0 	0 	200 	162 	3 	5 		
#record	13 	35 	46 	19 	12 	30 	25 	224 	31 	18 	113 	15 	7 	0 	0 	0 	0 	0 	0 	0 	0 	0 	0 	0 	0 	0 	0 	0 	0 	210 	170 	3 	6 		
#record	14 	37 	48 	20 	13 	32 	26 	241 	32 	19 	121 	16 	8 	0 	0 	0 	0 	0 	0 	0 	0 	0 	0 	0 	0 	0 	0 	0 	0 	221 	179 	3 	6 		
#record	15 	40 	50 	22 	14 	34 	27 	253 	34 	20 	130 	16 	8 	0 	0 	0 	0 	0 	0 	0 	0 	0 	0 	0 	0 	0 	0 	0 	0 	231 	187 	3 	7 		
#record	16 	42 	52 	23 	15 	36 	29 	270 	35 	21 	138 	17 	9 	0 	0 	0 	0 	0 	0 	0 	0 	0 	0 	0 	0 	0 	0 	0 	0 	242 	196 	3 	7 		
#record	17 	44 	54 	24 	16 	38 	31 	286 	37 	22 	146 	18 	9 	0 	0 	0 	0 	0 	0 	0 	0 	0 	0 	0 	0 	0 	0 	0 	0 	252 	204 	3 	8 		
#record	18 	46 	56 	25 	17 	40 	32 	303 	38 	24 	154 	18 	10 	0 	0 	0 	0 	0 	0 	0 	0 	0 	0 	0 	0 	0 	0 	0 	0 	263 	213 	4 	8 		
#record	19 	48 	58 	26 	18 	42 	34 	319 	40 	25 	167 	19 	10 	0 	0 	0 	0 	0 	0 	0 	0 	0 	0 	0 	0 	0 	0 	0 	0 	273 	221 	4 	9 		
#record	20 	51 	60 	28 	19 	44 	35 	373 	58 	28 	197 	20 	12 	0 	0 	0 	0 	0 	0 	0 	0 	0 	0 	0 	0 	0 	0 	0 	0 	284 	230 	4 	9 		
#record	21 	53 	63 	29 	20 	46 	37 	392 	61 	32 	207 	22 	13 	0 	0 	0 	0 	0 	0 	0 	0 	0 	0 	0 	0 	0 	0 	0 	0 	294 	238 	4 	10 		
#record	22 	55 	66 	30 	21 	48 	38 	410 	71 	33 	216 	23 	15 	0 	0 	0 	0 	0 	0 	0 	0 	0 	0 	0 	0 	0 	0 	0 	0 	305 	247 	4 	10 		
#record	23 	57 	68 	31 	22 	49 	40 	422 	74 	34 	225 	24 	16 	0 	0 	0 	0 	0 	0 	0 	0 	0 	0 	0 	0 	0 	0 	0 	0 	315 	255 	4 	11 		
#record	24 	59 	70 	32 	23 	51 	42 	438 	86 	34 	233 	25 	18 	0 	0 	0 	0 	0 	0 	0 	0 	0 	0 	0 	0 	0 	0 	0 	0 	326 	264 	4 	11 		
#record	25 	62 	72 	34 	24 	53 	43 	454 	91 	37 	246 	26 	19 	0 	0 	0 	0 	0 	0 	0 	0 	0 	0 	0 	0 	0 	0 	0 	0 	336 	272 	5 	12 		
#record	26 	64 	74 	35 	25 	55 	44 	473 	94 	40 	258 	27 	21 	0 	0 	0 	0 	0 	0 	0 	0 	0 	0 	0 	0 	0 	0 	0 	0 	347 	281 	5 	12 		
#record	27 	66 	76 	36 	26 	57 	46 	497 	111 	43 	270 	54 	22 	0 	0 	0 	0 	0 	0 	0 	0 	0 	0 	0 	0 	0 	0 	0 	0 	357 	289 	5 	13 		
#record	28 	68 	78 	37 	27 	59 	48 	517 	115 	46 	282 	56 	24 	0 	0 	0 	0 	0 	0 	0 	0 	0 	0 	0 	0 	0 	0 	0 	0 	368 	298 	5 	13 		
#record	29 	70 	80 	38 	28 	61 	49 	540 	120 	48 	294 	58 	25 	0 	0 	0 	0 	0 	0 	0 	0 	0 	0 	0 	0 	0 	0 	0 	0 	378 	306 	5 	14 		
#record	30 	73 	82 	40 	29 	63 	50 	564 	125 	51 	307 	60 	27 	0 	0 	0 	0 	0 	0 	0 	0 	0 	0 	0 	0 	0 	0 	0 	0 	389 	315 	5 	14 		
#record	31 	75 	85 	41 	30 	65 	52 	584 	129 	54 	319 	63 	28 	0 	0 	0 	0 	0 	0 	0 	0 	0 	0 	0 	0 	0 	0 	0 	0 	399 	323 	6 	15 		
#record	32 	77 	88 	42 	31 	67 	54 	607 	133 	57 	336 	66 	30 	0 	0 	0 	0 	0 	0 	0 	0 	0 	0 	0 	0 	0 	0 	0 	0 	410 	332 	6 	15 		
#record	33 	79 	90 	43 	32 	68 	55 	631 	138 	60 	348 	68 	31 	0 	0 	0 	0 	0 	0 	0 	0 	0 	0 	0 	0 	0 	0 	0 	0 	420 	340 	6 	16 		
#record	34 	81 	92 	44 	33 	70 	57 	650 	142 	63 	361 	70 	33 	0 	0 	0 	0 	0 	0 	0 	0 	0 	0 	0 	0 	0 	0 	0 	0 	431 	349 	6 	16 		
#record	35 	84 	94 	46 	34 	72 	58 	674 	147 	66 	373 	72 	34 	0 	0 	0 	0 	0 	0 	0 	0 	0 	0 	0 	0 	0 	0 	0 	0 	441 	357 	6 	17 		
#record	36 	86 	96 	47 	35 	74 	60 	697 	152 	69 	386 	74 	36 	0 	0 	0 	0 	0 	0 	0 	0 	0 	0 	0 	0 	0 	0 	0 	0 	452 	366 	6 	17 		
#record	37 	88 	98 	48 	36 	76 	61 	718 	156 	72 	398 	77 	37 	0 	0 	0 	0 	0 	0 	0 	0 	0 	0 	0 	0 	0 	0 	0 	0 	462 	374 	7 	18 		
#record	38 	90 	100 	49 	37 	78 	63 	741 	161 	74 	414 	80 	39 	0 	0 	0 	0 	0 	0 	0 	0 	0 	0 	0 	0 	0 	0 	0 	0 	473 	383 	7 	18 		
#record	39 	92 	102 	50 	38 	80 	65 	764 	166 	77 	426 	82 	40 	0 	0 	0 	0 	0 	0 	0 	0 	0 	0 	0 	0 	0 	0 	0 	0 	483 	391 	7 	19 		
#record	40 	95 	105 	52 	39 	82 	65 	784 	170 	80 	439 	84 	42 	0 	0 	0 	0 	0 	0 	0 	0 	0 	0 	0 	0 	0 	0 	0 	0 	494 	400 	7 	19 		
#record	41 	97 	107 	53 	40 	84 	67 	808 	174 	83 	451 	86 	43 	0 	0 	0 	0 	0 	0 	0 	0 	0 	0 	0 	0 	0 	0 	0 	0 	504 	408 	7 	20 		
#record	42 	99 	110 	54 	41 	86 	69 	831 	179 	86 	464 	88 	45 	0 	0 	0 	0 	0 	0 	0 	0 	0 	0 	0 	0 	0 	0 	0 	0 	515 	417 	7 	20 		
#record	43 	101 	112 	55 	42 	87 	71 	851 	183 	89 	476 	91 	46 	0 	0 	0 	0 	0 	0 	0 	0 	0 	0 	0 	0 	0 	0 	0 	0 	525 	425 	7 	21 		
#record	44 	103 	114 	56 	43 	89 	72 	874 	188 	92 	493 	94 	48 	0 	0 	0 	0 	0 	0 	0 	0 	0 	0 	0 	0 	0 	0 	0 	0 	536 	434 	8 	21 		
#record	45 	106 	116 	58 	44 	91 	73 	895 	192 	95 	505 	96 	49 	0 	0 	0 	0 	0 	0 	0 	0 	0 	0 	0 	0 	0 	0 	0 	0 	546 	442 	8 	22 		
#record	46 	108 	118 	59 	45 	93 	75 	918 	197 	97 	518 	98 	51 	0 	0 	0 	0 	0 	0 	0 	0 	0 	0 	0 	0 	0 	0 	0 	0 	557 	451 	8 	22 		
#record	47 	110 	120 	60 	46 	95 	77 	942 	202 	100 	530 	100 	52 	0 	0 	0 	0 	0 	0 	0 	0 	0 	0 	0 	0 	0 	0 	0 	0 	567 	459 	8 	23 		
#record	48 	112 	122 	61 	47 	97 	78 	961 	206 	103 	542 	102 	54 	0 	0 	0 	0 	0 	0 	0 	0 	0 	0 	0 	0 	0 	0 	0 	0 	578 	468 	8 	23 		
#record	49 	114 	124 	62 	48 	99 	80 	985 	211 	106 	554 	105 	55 	0 	0 	0 	0 	0 	0 	0 	0 	0 	0 	0 	0 	0 	0 	0 	0 	588 	476 	8 	24 		
#record	50 	117 	127 	64 	49 	101 	81 	1009 	215 	109 	571 	108 	57 	0 	0 	0 	0 	0 	0 	0 	0 	0 	0 	0 	0 	0 	0 	0 	0 	599 	485 	9 	24 		
#record	51 	119 	129 	65 	50 	103 	82 	1028 	219 	126 	583 	110 	67 	0 	0 	0 	0 	0 	0 	0 	0 	0 	0 	0 	0 	0 	0 	0 	0 	609 	493 	9 	25 		
#record	52 	121 	132 	66 	51 	105 	84 	1052 	224 	129 	595 	112 	69 	0 	0 	0 	0 	0 	0 	0 	0 	0 	0 	0 	0 	0 	0 	0 	0 	620 	502 	9 	25 		
#record	53 	123 	134 	67 	52 	106 	86 	1075 	229 	132 	608 	114 	70 	0 	0 	0 	0 	0 	0 	0 	0 	0 	0 	0 	0 	0 	0 	0 	0 	630 	510 	9 	26 		
#record	54 	125 	136 	68 	53 	108 	88 	1096 	233 	136 	620 	116 	72 	0 	0 	0 	0 	0 	0 	0 	0 	0 	0 	0 	0 	0 	0 	0 	0 	641 	519 	9 	26 		
#record	55 	128 	138 	70 	54 	110 	88 	1119 	238 	139 	633 	119 	74 	0 	0 	0 	0 	0 	0 	0 	0 	0 	0 	0 	0 	0 	0 	0 	0 	651 	527 	9 	27 		
#record	56 	130 	140 	71 	55 	112 	90 	1142 	243 	142 	645 	121 	76 	0 	0 	0 	0 	0 	0 	0 	0 	0 	0 	0 	0 	0 	0 	0 	0 	662 	536 	10 	27 		
#record	57 	132 	142 	72 	56 	114 	92 	1162 	247 	145 	662 	124 	77 	0 	0 	0 	0 	0 	0 	0 	0 	0 	0 	0 	0 	0 	0 	0 	0 	672 	544 	10 	28 		
#record	58 	134 	144 	73 	57 	116 	94 	1186 	252 	149 	674 	126 	79 	0 	0 	0 	0 	0 	0 	0 	0 	0 	0 	0 	0 	0 	0 	0 	0 	683 	553 	10 	28 		
#record	59 	136 	147 	74 	58 	118 	95 	1209 	256 	152 	686 	128 	81 	0 	0 	0 	0 	0 	0 	0 	0 	0 	0 	0 	0 	0 	0 	0 	0 	693 	561 	10 	29 		
#record	60 	139 	149 	76 	59 	120 	96 	1356 	261 	208 	773 	131 	114 	0 	0 	0 	0 	0 	0 	0 	0 	0 	0 	0 	0 	0 	0 	0 	0 	704 	570 	10 	29 		
#record	61 	141 	151 	77 	60 	122 	98 	1373 	267 	214 	780 	133 	118 	0 	0 	0 	0 	0 	0 	0 	0 	0 	0 	0 	0 	0 	0 	0 	0 	714 	578 	10 	30 		
#record	62 	143 	154 	78 	61 	124 	99 	1386 	271 	220 	790 	136 	121 	0 	0 	0 	0 	0 	0 	0 	0 	0 	0 	0 	0 	0 	0 	0 	0 	725 	587 	11 	30 		
#record	63 	145 	156 	79 	62 	125 	101 	1401 	277 	226 	800 	139 	124 	0 	0 	0 	0 	0 	0 	0 	0 	0 	0 	0 	0 	0 	0 	0 	0 	735 	595 	11 	31 		
#record	64 	147 	158 	80 	63 	127 	103 	1414 	282 	231 	806 	141 	127 	0 	0 	0 	0 	0 	0 	0 	0 	0 	0 	0 	0 	0 	0 	0 	0 	746 	604 	11 	31 		
#record	65 	150 	160 	82 	64 	129 	104 	1428 	287 	237 	816 	144 	130 	0 	0 	0 	0 	0 	0 	0 	0 	0 	0 	0 	0 	0 	0 	0 	0 	756 	612 	11 	32 		
#record	66 	152 	162 	83 	65 	131 	105 	1439 	292 	243 	825 	147 	133 	0 	0 	0 	0 	0 	0 	0 	0 	0 	0 	0 	0 	0 	0 	0 	0 	767 	621 	11 	32 		
#record	67 	154 	164 	84 	66 	133 	107 	1453 	297 	249 	834 	150 	137 	0 	0 	0 	0 	0 	0 	0 	0 	0 	0 	0 	0 	0 	0 	0 	0 	777 	629 	11 	33 		
#record	68 	156 	166 	85 	67 	135 	109 	1467 	303 	254 	838 	152 	140 	0 	0 	0 	0 	0 	0 	0 	0 	0 	0 	0 	0 	0 	0 	0 	0 	788 	638 	11 	33 		
#record	69 	158 	169 	86 	68 	137 	111 	1476 	308 	260 	847 	155 	143 	0 	0 	0 	0 	0 	0 	0 	0 	0 	0 	0 	0 	0 	0 	0 	0 	798 	646 	12 	34 		
#record	70 	161 	171 	88 	69 	139 	111 	1488 	313 	266 	854 	158 	146 	0 	0 	0 	0 	0 	0 	0 	0 	0 	0 	0 	0 	0 	0 	0 	0 	809 	655 	12 	34 		
#record	71 	163 	173 	89 	70 	141 	113 	1511 	318 	272 	867 	160 	149 	0 	0 	0 	0 	0 	0 	0 	0 	0 	0 	0 	0 	0 	0 	0 	0 	819 	663 	12 	35 		
#record	72 	165 	176 	90 	71 	143 	115 	1539 	324 	277 	883 	163 	152 	0 	0 	0 	0 	0 	0 	0 	0 	0 	0 	0 	0 	0 	0 	0 	0 	830 	672 	12 	35 		
#record	73 	167 	178 	91 	72 	144 	116 	1562 	328 	283 	900 	166 	156 	0 	0 	0 	0 	0 	0 	0 	0 	0 	0 	0 	0 	0 	0 	0 	0 	840 	680 	12 	36 		
#record	74 	169 	180 	92 	73 	146 	118 	1589 	334 	289 	912 	168 	159 	0 	0 	0 	0 	0 	0 	0 	0 	0 	0 	0 	0 	0 	0 	0 	0 	851 	689 	12 	36 		
#record	75 	172 	182 	94 	74 	148 	119 	1616 	339 	295 	929 	171 	162 	0 	0 	0 	0 	0 	0 	0 	0 	0 	0 	0 	0 	0 	0 	0 	0 	861 	697 	13 	37 		
#record	76 	174 	184 	95 	75 	150 	121 	1639 	344 	300 	945 	174 	165 	0 	0 	0 	0 	0 	0 	0 	0 	0 	0 	0 	0 	0 	0 	0 	0 	872 	706 	13 	37 		
#record	77 	176 	186 	96 	76 	152 	122 	1667 	350 	306 	961 	177 	168 	0 	0 	0 	0 	0 	0 	0 	0 	0 	0 	0 	0 	0 	0 	0 	0 	882 	714 	13 	38 		
#record	78 	178 	189 	97 	77 	154 	124 	1690 	354 	312 	974 	179 	171 	0 	0 	0 	0 	0 	0 	0 	0 	0 	0 	0 	0 	0 	0 	0 	0 	893 	723 	13 	38 		
#record	79 	180 	191 	98 	78 	156 	126 	1717 	360 	318 	990 	182 	175 	0 	0 	0 	0 	0 	0 	0 	0 	0 	0 	0 	0 	0 	0 	0 	0 	903 	731 	13 	39 		
#record	80 	183 	193 	100 	79 	158 	127 	1740 	365 	324 	1006 	185 	178 	0 	0 	0 	0 	0 	0 	0 	0 	0 	0 	0 	0 	0 	0 	0 	0 	914 	740 	13 	39 		
#record	81 	185 	195 	101 	80 	160 	128 	1768 	370 	329 	1018 	187 	181 	0 	0 	0 	0 	0 	0 	0 	0 	0 	0 	0 	0 	0 	0 	0 	0 	924 	748 	14 	40 		
#record	82 	187 	198 	102 	81 	162 	130 	1791 	375 	335 	1035 	190 	184 	0 	0 	0 	0 	0 	0 	0 	0 	0 	0 	0 	0 	0 	0 	0 	0 	935 	757 	14 	40 		
#record	83 	189 	200 	103 	82 	163 	132 	1818 	381 	341 	1051 	193 	187 	0 	0 	0 	0 	0 	0 	0 	0 	0 	0 	0 	0 	0 	0 	0 	0 	945 	765 	14 	41 		
#record	84 	191 	202 	104 	83 	165 	133 	1845 	386 	347 	1064 	196 	190 	0 	0 	0 	0 	0 	0 	0 	0 	0 	0 	0 	0 	0 	0 	0 	0 	956 	774 	14 	41 		
#record	85 	194 	204 	106 	84 	167 	134 	1868 	391 	352 	1080 	198 	194 	0 	0 	0 	0 	0 	0 	0 	0 	0 	0 	0 	0 	0 	0 	0 	0 	966 	782 	14 	42 		
#record	86 	196 	206 	107 	85 	169 	136 	1895 	396 	358 	1097 	201 	197 	0 	0 	0 	0 	0 	0 	0 	0 	0 	0 	0 	0 	0 	0 	0 	0 	977 	791 	14 	42 		
#record	87 	198 	208 	108 	86 	171 	138 	1919 	401 	364 	1113 	204 	200 	0 	0 	0 	0 	0 	0 	0 	0 	0 	0 	0 	0 	0 	0 	0 	0 	987 	799 	14 	43 		
#record	88 	200 	211 	109 	87 	173 	139 	1945 	407 	370 	1126 	207 	203 	0 	0 	0 	0 	0 	0 	0 	0 	0 	0 	0 	0 	0 	0 	0 	0 	998 	808 	15 	43 		
#record	89 	202 	213 	110 	88 	175 	141 	1969 	411 	375 	1142 	209 	206 	0 	0 	0 	0 	0 	0 	0 	0 	0 	0 	0 	0 	0 	0 	0 	0 	1008 	816 	15 	44 		
#record	90 	205 	215 	112 	89 	177 	142 	1996 	417 	381 	1158 	212 	209 	0 	0 	0 	0 	0 	0 	0 	0 	0 	0 	0 	0 	0 	0 	0 	0 	1019 	825 	15 	44 		
#record	91 	207 	217 	113 	90 	179 	144 	2020 	422 	387 	1170 	215 	213 	0 	0 	0 	0 	0 	0 	0 	0 	0 	0 	0 	0 	0 	0 	0 	0 	1029 	833 	15 	45 		
#record	92 	209 	220 	114 	91 	181 	145 	2046 	427 	393 	1187 	218 	216 	0 	0 	0 	0 	0 	0 	0 	0 	0 	0 	0 	0 	0 	0 	0 	0 	1040 	842 	15 	45 		
#record	93 	211 	222 	115 	92 	182 	147 	2073 	433 	398 	1203 	220 	219 	0 	0 	0 	0 	0 	0 	0 	0 	0 	0 	0 	0 	0 	0 	0 	0 	1050 	850 	15 	46 		
#record	94 	213 	224 	116 	93 	184 	149 	2097 	437 	404 	1216 	223 	222 	0 	0 	0 	0 	0 	0 	0 	0 	0 	0 	0 	0 	0 	0 	0 	0 	1061 	859 	16 	46 		
#record	95 	216 	226 	118 	94 	186 	150 	2124 	443 	410 	1232 	226 	225 	0 	0 	0 	0 	0 	0 	0 	0 	0 	0 	0 	0 	0 	0 	0 	0 	1071 	867 	16 	47 		
#record	96 	218 	228 	119 	95 	188 	151 	2147 	448 	416 	1249 	229 	228 	0 	0 	0 	0 	0 	0 	0 	0 	0 	0 	0 	0 	0 	0 	0 	0 	1082 	876 	16 	47 		
#record	97 	220 	231 	120 	96 	190 	153 	2174 	453 	421 	1265 	231 	232 	0 	0 	0 	0 	0 	0 	0 	0 	0 	0 	0 	0 	0 	0 	0 	0 	1092 	884 	16 	48 		
#record	98 	222 	233 	121 	97 	192 	155 	2197 	458 	427 	1278 	234 	235 	0 	0 	0 	0 	0 	0 	0 	0 	0 	0 	0 	0 	0 	0 	0 	0 	1103 	893 	16 	48 		
#record	99 	224 	235 	122 	98 	194 	156 	2225 	464 	433 	1294 	237 	238 	0 	0 	0 	0 	0 	0 	0 	0 	0 	0 	0 	0 	0 	0 	0 	0 	1113 	901 	16 	49 		
#record	100 	227 	242 	124 	99 	196 	162 	2252 	469 	439 	1310 	240 	241 	0 	0 	0 	0 	0 	0 	0 	0 	0 	0 	0 	0 	0 	0 	0 	0 	1124 	910 	17 	49 		
#record	101 	229 	244 	125 	100 	198 	164 	2275 	474 	444 	1322 	242 	244 	0 	0 	0 	0 	0 	0 	0 	0 	0 	0 	0 	0 	0 	0 	0 	0 	1134 	918 	17 	50 		
#record	102 	231 	247 	126 	101 	200 	166 	2302 	479 	450 	1338 	245 	247 	0 	0 	0 	0 	0 	0 	0 	0 	0 	0 	0 	0 	0 	0 	0 	0 	1145 	927 	17 	50 		
#record	103 	233 	249 	127 	102 	201 	167 	2325 	484 	456 	1355 	248 	251 	0 	0 	0 	0 	0 	0 	0 	0 	0 	0 	0 	0 	0 	0 	0 	0 	1155 	935 	17 	51 		
#record	104 	235 	251 	128 	103 	203 	169 	2353 	490 	462 	1367 	250 	254 	0 	0 	0 	0 	0 	0 	0 	0 	0 	0 	0 	0 	0 	0 	0 	0 	1166 	944 	17 	51 		
#record	105 	238 	253 	130 	104 	205 	170 	2376 	494 	468 	1384 	253 	257 	0 	0 	0 	0 	0 	0 	0 	0 	0 	0 	0 	0 	0 	0 	0 	0 	1176 	952 	17 	52 		
#record	106 	240 	255 	131 	105 	207 	172 	2403 	500 	473 	1400 	256 	260 	0 	0 	0 	0 	0 	0 	0 	0 	0 	0 	0 	0 	0 	0 	0 	0 	1187 	961 	17 	52 		
#record	107 	242 	258 	132 	106 	209 	173 	2426 	505 	479 	1417 	259 	263 	0 	0 	0 	0 	0 	0 	0 	0 	0 	0 	0 	0 	0 	0 	0 	0 	1197 	969 	18 	53 		
#record	108 	244 	260 	133 	107 	211 	175 	2454 	510 	485 	1429 	261 	266 	0 	0 	0 	0 	0 	0 	0 	0 	0 	0 	0 	0 	0 	0 	0 	0 	1208 	978 	18 	53 		
#record	109 	246 	262 	134 	108 	213 	177 	2480 	516 	491 	1446 	264 	270 	0 	0 	0 	0 	0 	0 	0 	0 	0 	0 	0 	0 	0 	0 	0 	0 	1218 	986 	18 	54 		
#record	110 	249 	264 	136 	109 	215 	178 	2504 	521 	496 	1462 	267 	273 	0 	0 	0 	0 	0 	0 	0 	0 	0 	0 	0 	0 	0 	0 	0 	0 	1229 	995 	18 	54 		
#record	111 	251 	266 	137 	110 	217 	179 	2531 	526 	502 	1474 	269 	276 	0 	0 	0 	0 	0 	0 	0 	0 	0 	0 	0 	0 	0 	0 	0 	0 	1239 	1003 	18 	55 		
#record	112 	253 	269 	138 	111 	219 	181 	2554 	531 	508 	1490 	272 	279 	0 	0 	0 	0 	0 	0 	0 	0 	0 	0 	0 	0 	0 	0 	0 	0 	1250 	1012 	18 	55 		
#record	113 	255 	271 	139 	112 	220 	183 	2581 	536 	514 	1507 	275 	282 	0 	0 	0 	0 	0 	0 	0 	0 	0 	0 	0 	0 	0 	0 	0 	0 	1260 	1020 	19 	56 		
#record	114 	257 	273 	140 	113 	222 	184 	2605 	541 	519 	1519 	277 	285 	0 	0 	0 	0 	0 	0 	0 	0 	0 	0 	0 	0 	0 	0 	0 	0 	1271 	1029 	19 	56 		
#record	115 	260 	275 	142 	114 	224 	185 	2631 	547 	525 	1536 	280 	289 	0 	0 	0 	0 	0 	0 	0 	0 	0 	0 	0 	0 	0 	0 	0 	0 	1281 	1037 	19 	57 		
#record	116 	262 	278 	143 	115 	226 	187 	2655 	551 	531 	1552 	283 	292 	0 	0 	0 	0 	0 	0 	0 	0 	0 	0 	0 	0 	0 	0 	0 	0 	1292 	1046 	19 	57 		
#record	117 	264 	280 	144 	116 	228 	189 	2682 	557 	537 	1569 	286 	295 	0 	0 	0 	0 	0 	0 	0 	0 	0 	0 	0 	0 	0 	0 	0 	0 	1302 	1054 	19 	58 		
#record	118 	266 	282 	145 	117 	230 	190 	2709 	562 	542 	1581 	288 	298 	0 	0 	0 	0 	0 	0 	0 	0 	0 	0 	0 	0 	0 	0 	0 	0 	1313 	1063 	19 	58 		
#record	119 	268 	284 	146 	118 	232 	192 	2732 	567 	548 	1598 	291 	301 	0 	0 	0 	0 	0 	0 	0 	0 	0 	0 	0 	0 	0 	0 	0 	0 	1323 	1071 	20 	59 		
#record	120 	271 	286 	148 	119 	234 	193 	2759 	573 	554 	1775 	294 	304 	0 	0 	0 	0 	0 	0 	0 	0 	0 	0 	0 	0 	0 	0 	0 	0 	1334 	1080 	20 	60 		
#record	121 	273 	288 	149 	120 	236 	195 	2783 	577 	560 	1789 	296 	308 	0 	0 	0 	0 	0 	0 	0 	0 	0 	0 	0 	0 	0 	0 	0 	0 	1344 	1088 	20 	60 		
#record	122 	275 	291 	150 	121 	238 	196 	2810 	583 	565 	1807 	299 	311 	0 	0 	0 	0 	0 	0 	0 	0 	0 	0 	0 	0 	0 	0 	0 	0 	1355 	1097 	20 	61 		
#record	123 	277 	293 	151 	122 	239 	198 	2833 	588 	571 	1825 	302 	314 	0 	0 	0 	0 	0 	0 	0 	0 	0 	0 	0 	0 	0 	0 	0 	0 	1365 	1105 	20 	61 		
#record	124 	279 	295 	152 	123 	241 	200 	2860 	593 	577 	1838 	304 	317 	0 	0 	0 	0 	0 	0 	0 	0 	0 	0 	0 	0 	0 	0 	0 	0 	1376 	1114 	20 	62 		
#record	125 	282 	297 	154 	124 	243 	201 	2888 	599 	583 	1857 	307 	320 	0 	0 	0 	0 	0 	0 	0 	0 	0 	0 	0 	0 	0 	0 	0 	0 	1386 	1122 	21 	62 		
#record	126 	284 	300 	155 	125 	245 	202 	2911 	604 	588 	1874 	310 	323 	0 	0 	0 	0 	0 	0 	0 	0 	0 	0 	0 	0 	0 	0 	0 	0 	1397 	1131 	21 	63 		
#record	127 	286 	302 	156 	126 	247 	204 	2938 	609 	594 	1892 	313 	327 	0 	0 	0 	0 	0 	0 	0 	0 	0 	0 	0 	0 	0 	0 	0 	0 	1407 	1139 	21 	63 		
#record	128 	288 	304 	157 	127 	249 	206 	2961 	614 	600 	1906 	315 	330 	0 	0 	0 	0 	0 	0 	0 	0 	0 	0 	0 	0 	0 	0 	0 	0 	1418 	1148 	21 	64 		
#record	129 	290 	306 	158 	128 	251 	207 	2988 	619 	606 	1924 	318 	333 	0 	0 	0 	0 	0 	0 	0 	0 	0 	0 	0 	0 	0 	0 	0 	0 	1428 	1156 	21 	64 		
#record	130 	293 	308 	160 	129 	253 	208 	3011 	624 	612 	1942 	321 	336 	0 	0 	0 	0 	0 	0 	0 	0 	0 	0 	0 	0 	0 	0 	0 	0 	1439 	1165 	21 	65 		
#record	131 	295 	310 	161 	130 	255 	210 	3039 	630 	617 	1955 	323 	339 	0 	0 	0 	0 	0 	0 	0 	0 	0 	0 	0 	0 	0 	0 	0 	0 	1449 	1173 	21 	65 		
#record	132 	297 	313 	162 	131 	257 	212 	3062 	634 	623 	1974 	326 	342 	0 	0 	0 	0 	0 	0 	0 	0 	0 	0 	0 	0 	0 	0 	0 	0 	1460 	1182 	22 	66 		
#record	133 	299 	315 	163 	132 	258 	213 	3089 	640 	629 	1991 	329 	346 	0 	0 	0 	0 	0 	0 	0 	0 	0 	0 	0 	0 	0 	0 	0 	0 	1470 	1190 	22 	66 		
#record	134 	301 	317 	164 	133 	260 	215 	3116 	645 	635 	2006 	331 	349 	0 	0 	0 	0 	0 	0 	0 	0 	0 	0 	0 	0 	0 	0 	0 	0 	1481 	1199 	22 	67 		
#record	135 	304 	320 	166 	134 	262 	216 	3140 	650 	640 	2023 	334 	352 	0 	0 	0 	0 	0 	0 	0 	0 	0 	0 	0 	0 	0 	0 	0 	0 	1491 	1207 	22 	67 		
#record	136 	306 	322 	167 	135 	264 	218 	3166 	656 	646 	2042 	337 	355 	0 	0 	0 	0 	0 	0 	0 	0 	0 	0 	0 	0 	0 	0 	0 	0 	1502 	1216 	22 	68 		
#record	137 	308 	324 	168 	136 	266 	219 	3190 	661 	652 	2059 	340 	358 	0 	0 	0 	0 	0 	0 	0 	0 	0 	0 	0 	0 	0 	0 	0 	0 	1512 	1224 	22 	68 		
#record	138 	310 	326 	169 	137 	268 	221 	3217 	666 	658 	2073 	342 	361 	0 	0 	0 	0 	0 	0 	0 	0 	0 	0 	0 	0 	0 	0 	0 	0 	1523 	1233 	23 	69 		
#record	139 	312 	328 	170 	138 	270 	223 	3240 	671 	663 	2091 	345 	365 	0 	0 	0 	0 	0 	0 	0 	0 	0 	0 	0 	0 	0 	0 	0 	0 	1533 	1241 	23 	69 		
#record	140 	315 	330 	172 	139 	272 	223 	3267 	676 	669 	2109 	348 	368 	0 	0 	0 	0 	0 	0 	0 	0 	0 	0 	0 	0 	0 	0 	0 	0 	1544 	1250 	23 	70 		
#record	141 	317 	332 	173 	140 	274 	225 	3291 	681 	675 	2123 	350 	371 	0 	0 	0 	0 	0 	0 	0 	0 	0 	0 	0 	0 	0 	0 	0 	0 	1554 	1258 	23 	70 		
#record	142 	319 	335 	174 	141 	276 	227 	3317 	687 	681 	2141 	353 	374 	0 	0 	0 	0 	0 	0 	0 	0 	0 	0 	0 	0 	0 	0 	0 	0 	1565 	1267 	23 	71 		
#record	143 	321 	337 	175 	142 	277 	229 	3345 	692 	686 	2159 	356 	377 	0 	0 	0 	0 	0 	0 	0 	0 	0 	0 	0 	0 	0 	0 	0 	0 	1575 	1275 	23 	71 		
#record	144 	323 	339 	176 	143 	279 	230 	3368 	697 	692 	2173 	358 	380 	0 	0 	0 	0 	0 	0 	0 	0 	0 	0 	0 	0 	0 	0 	0 	0 	1586 	1284 	24 	72 		
#record	145 	326 	342 	178 	144 	281 	231 	3395 	702 	698 	2190 	361 	384 	0 	0 	0 	0 	0 	0 	0 	0 	0 	0 	0 	0 	0 	0 	0 	0 	1596 	1292 	24 	72 		
#record	146 	328 	344 	179 	145 	283 	233 	3418 	707 	704 	2209 	364 	387 	0 	0 	0 	0 	0 	0 	0 	0 	0 	0 	0 	0 	0 	0 	0 	0 	1607 	1301 	24 	73 		
#record	147 	330 	346 	180 	146 	285 	235 	3445 	713 	709 	2226 	367 	390 	0 	0 	0 	0 	0 	0 	0 	0 	0 	0 	0 	0 	0 	0 	0 	0 	1617 	1309 	24 	73 		
#record	148 	332 	348 	181 	147 	287 	236 	3469 	717 	715 	2240 	369 	393 	0 	0 	0 	0 	0 	0 	0 	0 	0 	0 	0 	0 	0 	0 	0 	0 	1628 	1318 	24 	74 		
#record	149 	334 	350 	182 	148 	289 	238 	3496 	723 	721 	2258 	372 	396 	0 	0 	0 	0 	0 	0 	0 	0 	0 	0 	0 	0 	0 	0 	0 	0 	1638 	1326 	24 	74 		
#record	150 	337 	352 	184 	149 	291 	239 	3523 	729 	727 	2277 	375 	399 	0 	0 	0 	0 	0 	0 	0 	0 	0 	0 	0 	0 	0 	0 	0 	0 	1649 	1335 	24 	75 		
																																			
#end																																			
