
#ignore	\o042			
#exchange	#	\x20		

#table	Param																																		
#columntype	Dword	Dword	Dword	Dword	Dword	Dword	Dword	Dword	Dword	Dword	Dword	Dword	Dword	Dword	Dword	Dword	Dword	Dword	Dword	Dword	Dword	Dword	Dword	Dword	Dword	Dword	Dword	Dword	Dword	Word	Word	DWord	DWord		
#columnname	Level	Strength	Constitution	Intelligence	Wizdom	Dexterity	MentalPower	SoulHP	MAXSoulHP	PriceHPStone	SoulSP	MAXSoulSP	PriceSPStone	AtkPerAP	DmgPerAP	MaxPwrStone	NumPwrStone	PricePwrStone	PwrStoneWC	PwrStoneMA	MaxGrdStone	NumGrdStone	PriceGrdStone	GrdStoneAC	GrdStoneMR	PainRes	RestraintRes	CurseRes	ShockRes	MaxHP	MaxSP	CharTitlePt	SkillPwrPt		
#record	1 	10 	8 	8 	0 	10 	9 	32 	13 	3 	19 	11 	1 	0 	0 	0 	0 	0 	0 	0 	0 	0 	0 	0 	0 	0 	0 	0 	0 	72 	76 	1 	0 		
#record	2 	11 	9 	9 	1 	11 	10 	35 	13 	4 	31 	12 	2 	0 	0 	0 	0 	0 	0 	0 	0 	0 	0 	0 	0 	0 	0 	0 	0 	81 	86 	1 	0 		
#record	3 	12 	10 	10 	2 	12 	10 	46 	14 	5 	46 	13 	3 	0 	0 	0 	0 	0 	0 	0 	0 	0 	0 	0 	0 	0 	0 	0 	0 	90 	95 	1 	1 		
#record	4 	14 	11 	11 	3 	14 	12 	54 	15 	6 	58 	14 	3 	0 	0 	0 	0 	0 	0 	0 	0 	0 	0 	0 	0 	0 	0 	0 	0 	99 	105 	1 	1 		
#record	5 	16 	13 	13 	4 	16 	13 	67 	16 	7 	69 	15 	4 	0 	0 	0 	0 	0 	0 	0 	0 	0 	0 	0 	0 	0 	0 	0 	0 	108 	114 	1 	2 		
#record	6 	18 	14 	14 	5 	18 	15 	78 	17 	8 	85 	17 	4 	0 	0 	0 	0 	0 	0 	0 	0 	0 	0 	0 	0 	0 	0 	0 	0 	117 	124 	2 	2 		
#record	7 	20 	16 	16 	6 	20 	17 	89 	18 	9 	97 	18 	5 	0 	0 	0 	0 	0 	0 	0 	0 	0 	0 	0 	0 	0 	0 	0 	0 	126 	133 	2 	3 		
#record	8 	22 	17 	18 	7 	22 	19 	103 	19 	10 	108 	19 	6 	0 	0 	0 	0 	0 	0 	0 	0 	0 	0 	0 	0 	0 	0 	0 	0 	135 	143 	2 	3 		
#record	9 	23 	19 	19 	8 	24 	21 	114 	20 	11 	124 	20 	6 	0 	0 	0 	0 	0 	0 	0 	0 	0 	0 	0 	0 	0 	0 	0 	0 	144 	152 	2 	4 		
#record	10 	26 	20 	21 	9 	26 	22 	128 	22 	12 	135 	21 	7 	0 	0 	0 	0 	0 	0 	0 	0 	0 	0 	0 	0 	0 	0 	0 	0 	153 	162 	2 	4 		
#record	11 	28 	22 	22 	10 	28 	24 	139 	23 	13 	147 	22 	7 	0 	0 	0 	0 	0 	0 	0 	0 	0 	0 	0 	0 	0 	0 	0 	0 	162 	171 	2 	5 		
#record	12 	30 	24 	24 	11 	30 	26 	150 	24 	14 	163 	23 	8 	0 	0 	0 	0 	0 	0 	0 	0 	0 	0 	0 	0 	0 	0 	0 	0 	171 	181 	3 	5 		
#record	13 	32 	26 	26 	12 	32 	28 	164 	25 	15 	174 	24 	9 	0 	0 	0 	0 	0 	0 	0 	0 	0 	0 	0 	0 	0 	0 	0 	0 	180 	190 	3 	6 		
#record	14 	33 	27 	27 	13 	34 	29 	175 	26 	16 	186 	25 	9 	0 	0 	0 	0 	0 	0 	0 	0 	0 	0 	0 	0 	0 	0 	0 	0 	189 	200 	3 	6 		
#record	15 	36 	29 	29 	14 	36 	30 	189 	28 	17 	201 	26 	10 	0 	0 	0 	0 	0 	0 	0 	0 	0 	0 	0 	0 	0 	0 	0 	0 	198 	209 	3 	7 		
#record	16 	38 	30 	30 	15 	38 	32 	200 	29 	18 	213 	27 	10 	0 	0 	0 	0 	0 	0 	0 	0 	0 	0 	0 	0 	0 	0 	0 	0 	207 	219 	3 	7 		
#record	17 	40 	32 	32 	16 	40 	34 	210 	30 	19 	225 	28 	11 	0 	0 	0 	0 	0 	0 	0 	0 	0 	0 	0 	0 	0 	0 	0 	0 	216 	228 	3 	8 		
#record	18 	41 	33 	34 	17 	42 	36 	225 	31 	20 	240 	30 	12 	0 	0 	0 	0 	0 	0 	0 	0 	0 	0 	0 	0 	0 	0 	0 	0 	225 	238 	4 	8 		
#record	19 	43 	35 	35 	18 	44 	38 	236 	32 	21 	252 	31 	12 	0 	0 	0 	0 	0 	0 	0 	0 	0 	0 	0 	0 	0 	0 	0 	0 	234 	247 	4 	9 		
#record	20 	46 	36 	37 	19 	46 	39 	253 	46 	24 	271 	32 	14 	0 	0 	0 	0 	0 	0 	0 	0 	0 	0 	0 	0 	0 	0 	0 	0 	243 	257 	4 	9 		
#record	21 	48 	38 	38 	20 	48 	41 	271 	48 	27 	291 	34 	16 	0 	0 	0 	0 	0 	0 	0 	0 	0 	0 	0 	0 	0 	0 	0 	0 	252 	266 	4 	10 		
#record	22 	50 	40 	40 	21 	50 	43 	289 	55 	27 	307 	35 	18 	0 	0 	0 	0 	0 	0 	0 	0 	0 	0 	0 	0 	0 	0 	0 	0 	261 	276 	4 	10 		
#record	23 	51 	41 	42 	22 	52 	45 	307 	58 	28 	326 	37 	19 	0 	0 	0 	0 	0 	0 	0 	0 	0 	0 	0 	0 	0 	0 	0 	0 	270 	285 	4 	11 		
#record	24 	53 	43 	43 	23 	54 	47 	321 	67 	28 	346 	38 	21 	0 	0 	0 	0 	0 	0 	0 	0 	0 	0 	0 	0 	0 	0 	0 	0 	279 	295 	4 	11 		
#record	25 	56 	44 	45 	24 	56 	48 	339 	70 	31 	361 	40 	23 	0 	0 	0 	0 	0 	0 	0 	0 	0 	0 	0 	0 	0 	0 	0 	0 	288 	304 	5 	12 		
#record	26 	58 	46 	46 	25 	58 	49 	356 	73 	33 	381 	41 	25 	0 	0 	0 	0 	0 	0 	0 	0 	0 	0 	0 	0 	0 	0 	0 	0 	297 	314 	5 	12 		
#record	27 	59 	47 	48 	26 	60 	51 	374 	86 	36 	401 	81 	27 	0 	0 	0 	0 	0 	0 	0 	0 	0 	0 	0 	0 	0 	0 	0 	0 	306 	323 	5 	13 		
#record	28 	61 	49 	50 	27 	62 	53 	392 	90 	38 	416 	84 	28 	0 	0 	0 	0 	0 	0 	0 	0 	0 	0 	0 	0 	0 	0 	0 	0 	315 	333 	5 	13 		
#record	29 	63 	50 	51 	28 	64 	55 	406 	92 	40 	436 	87 	30 	0 	0 	0 	0 	0 	0 	0 	0 	0 	0 	0 	0 	0 	0 	0 	0 	324 	342 	5 	14 		
#record	30 	66 	52 	53 	29 	66 	56 	424 	96 	43 	455 	91 	32 	0 	0 	0 	0 	0 	0 	0 	0 	0 	0 	0 	0 	0 	0 	0 	0 	333 	352 	5 	14 		
#record	31 	68 	53 	54 	30 	68 	58 	442 	100 	45 	475 	94 	34 	0 	0 	0 	0 	0 	0 	0 	0 	0 	0 	0 	0 	0 	0 	0 	0 	342 	361 	6 	15 		
#record	32 	69 	56 	56 	31 	70 	60 	459 	103 	48 	491 	97 	36 	0 	0 	0 	0 	0 	0 	0 	0 	0 	0 	0 	0 	0 	0 	0 	0 	351 	371 	6 	15 		
#record	33 	71 	57 	58 	32 	72 	62 	477 	107 	50 	510 	101 	37 	0 	0 	0 	0 	0 	0 	0 	0 	0 	0 	0 	0 	0 	0 	0 	0 	360 	380 	6 	16 		
#record	34 	73 	59 	59 	33 	74 	64 	491 	110 	52 	530 	104 	39 	0 	0 	0 	0 	0 	0 	0 	0 	0 	0 	0 	0 	0 	0 	0 	0 	369 	390 	6 	16 		
#record	35 	76 	60 	61 	34 	76 	65 	509 	114 	55 	545 	107 	41 	0 	0 	0 	0 	0 	0 	0 	0 	0 	0 	0 	0 	0 	0 	0 	0 	378 	399 	6 	17 		
#record	36 	77 	62 	62 	35 	78 	67 	527 	117 	57 	565 	110 	43 	0 	0 	0 	0 	0 	0 	0 	0 	0 	0 	0 	0 	0 	0 	0 	0 	387 	409 	6 	17 		
#record	37 	79 	63 	64 	36 	80 	68 	545 	121 	60 	585 	114 	45 	0 	0 	0 	0 	0 	0 	0 	0 	0 	0 	0 	0 	0 	0 	0 	0 	396 	418 	7 	18 		
#record	38 	81 	65 	66 	37 	82 	70 	563 	124 	62 	600 	117 	46 	0 	0 	0 	0 	0 	0 	0 	0 	0 	0 	0 	0 	0 	0 	0 	0 	405 	428 	7 	18 		
#record	39 	83 	66 	67 	38 	84 	72 	577 	127 	64 	620 	120 	48 	0 	0 	0 	0 	0 	0 	0 	0 	0 	0 	0 	0 	0 	0 	0 	0 	414 	437 	7 	19 		
#record	40 	86 	68 	69 	39 	86 	73 	595 	131 	67 	639 	124 	50 	0 	0 	0 	0 	0 	0 	0 	0 	0 	0 	0 	0 	0 	0 	0 	0 	423 	447 	7 	19 		
#record	41 	87 	69 	70 	40 	88 	75 	612 	135 	69 	659 	127 	52 	0 	0 	0 	0 	0 	0 	0 	0 	0 	0 	0 	0 	0 	0 	0 	0 	432 	456 	7 	20 		
#record	42 	89 	71 	72 	41 	90 	77 	630 	138 	72 	675 	130 	54 	0 	0 	0 	0 	0 	0 	0 	0 	0 	0 	0 	0 	0 	0 	0 	0 	441 	466 	7 	20 		
#record	43 	91 	73 	74 	42 	92 	79 	648 	142 	74 	694 	134 	55 	0 	0 	0 	0 	0 	0 	0 	0 	0 	0 	0 	0 	0 	0 	0 	0 	450 	475 	7 	21 		
#record	44 	93 	74 	75 	43 	94 	81 	662 	145 	76 	714 	137 	57 	0 	0 	0 	0 	0 	0 	0 	0 	0 	0 	0 	0 	0 	0 	0 	0 	459 	485 	8 	21 		
#record	45 	95 	76 	77 	44 	96 	82 	680 	148 	79 	729 	140 	59 	0 	0 	0 	0 	0 	0 	0 	0 	0 	0 	0 	0 	0 	0 	0 	0 	468 	494 	8 	22 		
#record	46 	97 	77 	78 	45 	98 	84 	698 	152 	81 	749 	143 	61 	0 	0 	0 	0 	0 	0 	0 	0 	0 	0 	0 	0 	0 	0 	0 	0 	477 	504 	8 	22 		
#record	47 	99 	79 	80 	46 	100 	86 	715 	156 	84 	769 	147 	63 	0 	0 	0 	0 	0 	0 	0 	0 	0 	0 	0 	0 	0 	0 	0 	0 	486 	513 	8 	23 		
#record	48 	101 	80 	82 	47 	102 	87 	733 	159 	86 	784 	150 	65 	0 	0 	0 	0 	0 	0 	0 	0 	0 	0 	0 	0 	0 	0 	0 	0 	495 	523 	8 	23 		
#record	49 	103 	82 	83 	48 	104 	89 	751 	163 	88 	804 	153 	66 	0 	0 	0 	0 	0 	0 	0 	0 	0 	0 	0 	0 	0 	0 	0 	0 	504 	532 	8 	24 		
#record	50 	105 	83 	85 	49 	106 	90 	765 	166 	91 	823 	157 	68 	0 	0 	0 	0 	0 	0 	0 	0 	0 	0 	0 	0 	0 	0 	0 	0 	513 	542 	9 	24 		
#record	51 	107 	85 	86 	50 	108 	92 	783 	169 	105 	843 	160 	80 	0 	0 	0 	0 	0 	0 	0 	0 	0 	0 	0 	0 	0 	0 	0 	0 	522 	551 	9 	25 		
#record	52 	109 	87 	88 	51 	110 	94 	801 	173 	108 	859 	163 	82 	0 	0 	0 	0 	0 	0 	0 	0 	0 	0 	0 	0 	0 	0 	0 	0 	531 	561 	9 	25 		
#record	53 	111 	89 	90 	52 	112 	96 	819 	177 	110 	878 	166 	84 	0 	0 	0 	0 	0 	0 	0 	0 	0 	0 	0 	0 	0 	0 	0 	0 	540 	570 	9 	26 		
#record	54 	113 	90 	91 	53 	114 	98 	836 	180 	113 	898 	170 	86 	0 	0 	0 	0 	0 	0 	0 	0 	0 	0 	0 	0 	0 	0 	0 	0 	549 	580 	9 	26 		
#record	55 	115 	92 	93 	54 	116 	99 	851 	183 	116 	913 	173 	88 	0 	0 	0 	0 	0 	0 	0 	0 	0 	0 	0 	0 	0 	0 	0 	0 	558 	589 	9 	27 		
#record	56 	117 	93 	94 	55 	118 	101 	868 	187 	118 	933 	176 	90 	0 	0 	0 	0 	0 	0 	0 	0 	0 	0 	0 	0 	0 	0 	0 	0 	567 	599 	10 	27 		
#record	57 	119 	95 	96 	56 	120 	103 	886 	190 	121 	953 	180 	92 	0 	0 	0 	0 	0 	0 	0 	0 	0 	0 	0 	0 	0 	0 	0 	0 	576 	608 	10 	28 		
#record	58 	121 	96 	98 	57 	122 	105 	904 	194 	124 	968 	182 	94 	0 	0 	0 	0 	0 	0 	0 	0 	0 	0 	0 	0 	0 	0 	0 	0 	585 	618 	10 	28 		
#record	59 	122 	98 	99 	58 	124 	106 	922 	198 	126 	988 	186 	97 	0 	0 	0 	0 	0 	0 	0 	0 	0 	0 	0 	0 	0 	0 	0 	0 	594 	627 	10 	29 		
#record	60 	125 	99 	101 	59 	126 	107 	939 	201 	174 	1011 	190 	137 	0 	0 	0 	0 	0 	0 	0 	0 	0 	0 	0 	0 	0 	0 	0 	0 	603 	637 	10 	29 		
#record	61 	127 	101 	102 	60 	128 	109 	961 	206 	178 	1031 	194 	140 	0 	0 	0 	0 	0 	0 	0 	0 	0 	0 	0 	0 	0 	0 	0 	0 	612 	646 	10 	30 		
#record	62 	129 	103 	104 	61 	130 	111 	978 	209 	183 	1051 	197 	144 	0 	0 	0 	0 	0 	0 	0 	0 	0 	0 	0 	0 	0 	0 	0 	0 	621 	656 	11 	30 		
#record	63 	131 	104 	106 	62 	132 	113 	1000 	214 	188 	1074 	201 	148 	0 	0 	0 	0 	0 	0 	0 	0 	0 	0 	0 	0 	0 	0 	0 	0 	630 	665 	11 	31 		
#record	64 	132 	106 	107 	63 	134 	115 	1017 	217 	193 	1094 	205 	152 	0 	0 	0 	0 	0 	0 	0 	0 	0 	0 	0 	0 	0 	0 	0 	0 	639 	675 	11 	31 		
#record	65 	135 	107 	109 	64 	136 	116 	1039 	222 	198 	1113 	208 	156 	0 	0 	0 	0 	0 	0 	0 	0 	0 	0 	0 	0 	0 	0 	0 	0 	648 	684 	11 	32 		
#record	66 	137 	109 	110 	65 	138 	118 	1056 	225 	202 	1137 	213 	159 	0 	0 	0 	0 	0 	0 	0 	0 	0 	0 	0 	0 	0 	0 	0 	0 	657 	694 	11 	32 		
#record	67 	139 	110 	112 	66 	140 	120 	1078 	230 	207 	1157 	216 	163 	0 	0 	0 	0 	0 	0 	0 	0 	0 	0 	0 	0 	0 	0 	0 	0 	666 	703 	11 	33 		
#record	68 	140 	112 	114 	67 	142 	122 	1095 	233 	212 	1180 	220 	167 	0 	0 	0 	0 	0 	0 	0 	0 	0 	0 	0 	0 	0 	0 	0 	0 	675 	713 	11 	33 		
#record	69 	142 	113 	115 	68 	144 	124 	1117 	238 	217 	1200 	224 	171 	0 	0 	0 	0 	0 	0 	0 	0 	0 	0 	0 	0 	0 	0 	0 	0 	684 	722 	12 	34 		
#record	70 	145 	115 	117 	69 	146 	124 	1135 	241 	222 	1219 	227 	175 	0 	0 	0 	0 	0 	0 	0 	0 	0 	0 	0 	0 	0 	0 	0 	0 	693 	732 	12 	34 		
#record	71 	147 	116 	118 	70 	148 	126 	1156 	245 	226 	1243 	232 	178 	0 	0 	0 	0 	0 	0 	0 	0 	0 	0 	0 	0 	0 	0 	0 	0 	702 	741 	12 	35 		
#record	72 	149 	119 	120 	71 	150 	128 	1174 	249 	231 	1262 	235 	182 	0 	0 	0 	0 	0 	0 	0 	0 	0 	0 	0 	0 	0 	0 	0 	0 	711 	751 	12 	35 		
#record	73 	150 	120 	122 	72 	152 	130 	1195 	253 	236 	1282 	239 	186 	0 	0 	0 	0 	0 	0 	0 	0 	0 	0 	0 	0 	0 	0 	0 	0 	720 	760 	12 	36 		
#record	74 	152 	122 	123 	73 	154 	132 	1213 	257 	241 	1306 	243 	190 	0 	0 	0 	0 	0 	0 	0 	0 	0 	0 	0 	0 	0 	0 	0 	0 	729 	770 	12 	36 		
#record	75 	155 	123 	125 	74 	156 	133 	1234 	261 	246 	1325 	246 	193 	0 	0 	0 	0 	0 	0 	0 	0 	0 	0 	0 	0 	0 	0 	0 	0 	738 	779 	13 	37 		
#record	76 	157 	125 	126 	75 	158 	135 	1252 	265 	250 	1349 	250 	197 	0 	0 	0 	0 	0 	0 	0 	0 	0 	0 	0 	0 	0 	0 	0 	0 	747 	789 	13 	37 		
#record	77 	158 	126 	128 	76 	160 	137 	1273 	269 	255 	1368 	254 	201 	0 	0 	0 	0 	0 	0 	0 	0 	0 	0 	0 	0 	0 	0 	0 	0 	756 	798 	13 	38 		
#record	78 	160 	128 	130 	77 	162 	139 	1291 	273 	260 	1388 	257 	205 	0 	0 	0 	0 	0 	0 	0 	0 	0 	0 	0 	0 	0 	0 	0 	0 	765 	808 	13 	38 		
#record	79 	162 	129 	131 	78 	164 	141 	1312 	277 	265 	1412 	262 	209 	0 	0 	0 	0 	0 	0 	0 	0 	0 	0 	0 	0 	0 	0 	0 	0 	774 	817 	13 	39 		
#record	80 	165 	131 	133 	79 	166 	142 	1330 	281 	270 	1431 	265 	212 	0 	0 	0 	0 	0 	0 	0 	0 	0 	0 	0 	0 	0 	0 	0 	0 	783 	827 	13 	39 		
#record	81 	167 	132 	134 	80 	168 	143 	1351 	285 	274 	1451 	269 	216 	0 	0 	0 	0 	0 	0 	0 	0 	0 	0 	0 	0 	0 	0 	0 	0 	792 	836 	14 	40 		
#record	82 	168 	134 	136 	81 	170 	145 	1369 	289 	279 	1474 	273 	220 	0 	0 	0 	0 	0 	0 	0 	0 	0 	0 	0 	0 	0 	0 	0 	0 	801 	846 	14 	40 		
#record	83 	170 	136 	138 	82 	172 	147 	1390 	293 	284 	1494 	276 	224 	0 	0 	0 	0 	0 	0 	0 	0 	0 	0 	0 	0 	0 	0 	0 	0 	810 	855 	14 	41 		
#record	84 	172 	137 	139 	83 	174 	149 	1408 	297 	289 	1518 	281 	227 	0 	0 	0 	0 	0 	0 	0 	0 	0 	0 	0 	0 	0 	0 	0 	0 	819 	865 	14 	41 		
#record	85 	175 	139 	141 	84 	176 	150 	1429 	301 	294 	1537 	284 	231 	0 	0 	0 	0 	0 	0 	0 	0 	0 	0 	0 	0 	0 	0 	0 	0 	828 	874 	14 	42 		
#record	86 	176 	140 	142 	85 	178 	152 	1447 	305 	298 	1557 	288 	235 	0 	0 	0 	0 	0 	0 	0 	0 	0 	0 	0 	0 	0 	0 	0 	0 	837 	884 	14 	42 		
#record	87 	178 	142 	144 	86 	180 	154 	1468 	309 	303 	1580 	292 	239 	0 	0 	0 	0 	0 	0 	0 	0 	0 	0 	0 	0 	0 	0 	0 	0 	846 	893 	14 	43 		
#record	88 	180 	143 	146 	87 	182 	156 	1486 	313 	308 	1600 	295 	243 	0 	0 	0 	0 	0 	0 	0 	0 	0 	0 	0 	0 	0 	0 	0 	0 	855 	903 	15 	43 		
#record	89 	182 	145 	147 	88 	184 	158 	1507 	317 	313 	1620 	299 	246 	0 	0 	0 	0 	0 	0 	0 	0 	0 	0 	0 	0 	0 	0 	0 	0 	864 	912 	15 	44 		
#record	90 	185 	146 	149 	89 	186 	159 	1525 	321 	318 	1643 	303 	250 	0 	0 	0 	0 	0 	0 	0 	0 	0 	0 	0 	0 	0 	0 	0 	0 	873 	922 	15 	44 		
#record	91 	186 	148 	150 	90 	188 	161 	1546 	325 	322 	1663 	307 	254 	0 	0 	0 	0 	0 	0 	0 	0 	0 	0 	0 	0 	0 	0 	0 	0 	882 	931 	15 	45 		
#record	92 	188 	150 	152 	91 	190 	162 	1564 	329 	327 	1686 	311 	258 	0 	0 	0 	0 	0 	0 	0 	0 	0 	0 	0 	0 	0 	0 	0 	0 	891 	941 	15 	45 		
#record	93 	190 	152 	154 	92 	192 	164 	1585 	333 	332 	1706 	314 	262 	0 	0 	0 	0 	0 	0 	0 	0 	0 	0 	0 	0 	0 	0 	0 	0 	900 	950 	15 	46 		
#record	94 	192 	153 	155 	93 	194 	166 	1603 	337 	337 	1726 	318 	265 	0 	0 	0 	0 	0 	0 	0 	0 	0 	0 	0 	0 	0 	0 	0 	0 	909 	960 	16 	46 		
#record	95 	194 	155 	157 	94 	196 	167 	1624 	341 	342 	1749 	322 	269 	0 	0 	0 	0 	0 	0 	0 	0 	0 	0 	0 	0 	0 	0 	0 	0 	918 	969 	16 	47 		
#record	96 	196 	156 	158 	95 	198 	169 	1642 	345 	346 	1769 	325 	273 	0 	0 	0 	0 	0 	0 	0 	0 	0 	0 	0 	0 	0 	0 	0 	0 	927 	979 	16 	47 		
#record	97 	198 	158 	160 	96 	200 	171 	1663 	349 	351 	1788 	329 	277 	0 	0 	0 	0 	0 	0 	0 	0 	0 	0 	0 	0 	0 	0 	0 	0 	936 	988 	16 	48 		
#record	98 	200 	159 	162 	97 	202 	173 	1681 	353 	356 	1812 	333 	280 	0 	0 	0 	0 	0 	0 	0 	0 	0 	0 	0 	0 	0 	0 	0 	0 	945 	998 	16 	48 		
#record	99 	202 	161 	163 	98 	204 	175 	1702 	357 	361 	1832 	337 	284 	0 	0 	0 	0 	0 	0 	0 	0 	0 	0 	0 	0 	0 	0 	0 	0 	954 	1007 	16 	49 		
#record	100 	204 	162 	165 	99 	206 	176 	1723 	361 	366 	1855 	341 	288 	0 	0 	0 	0 	0 	0 	0 	0 	0 	0 	0 	0 	0 	0 	0 	0 	963 	1017 	17 	49 		
#record	101 	206 	164 	166 	100 	208 	178 	1741 	365 	370 	1875 	344 	292 	0 	0 	0 	0 	0 	0 	0 	0 	0 	0 	0 	0 	0 	0 	0 	0 	972 	1026 	17 	50 		
#record	102 	208 	166 	168 	101 	210 	180 	1762 	369 	375 	1894 	348 	296 	0 	0 	0 	0 	0 	0 	0 	0 	0 	0 	0 	0 	0 	0 	0 	0 	981 	1036 	17 	50 		
#record	103 	210 	167 	170 	102 	212 	181 	1780 	373 	380 	1918 	352 	299 	0 	0 	0 	0 	0 	0 	0 	0 	0 	0 	0 	0 	0 	0 	0 	0 	990 	1045 	17 	51 		
#record	104 	212 	169 	171 	103 	214 	183 	1802 	377 	385 	1938 	356 	303 	0 	0 	0 	0 	0 	0 	0 	0 	0 	0 	0 	0 	0 	0 	0 	0 	999 	1055 	17 	51 		
#record	105 	214 	170 	173 	104 	216 	184 	1819 	381 	390 	1957 	359 	307 	0 	0 	0 	0 	0 	0 	0 	0 	0 	0 	0 	0 	0 	0 	0 	0 	1008 	1064 	17 	52 		
#record	106 	216 	172 	174 	105 	218 	186 	1841 	385 	394 	1981 	363 	311 	0 	0 	0 	0 	0 	0 	0 	0 	0 	0 	0 	0 	0 	0 	0 	0 	1017 	1074 	17 	52 		
#record	107 	218 	173 	176 	106 	220 	188 	1858 	389 	399 	2000 	367 	315 	0 	0 	0 	0 	0 	0 	0 	0 	0 	0 	0 	0 	0 	0 	0 	0 	1026 	1083 	18 	53 		
#record	108 	220 	175 	178 	107 	222 	190 	1880 	393 	404 	2024 	371 	318 	0 	0 	0 	0 	0 	0 	0 	0 	0 	0 	0 	0 	0 	0 	0 	0 	1035 	1093 	18 	53 		
#record	109 	221 	176 	179 	108 	224 	192 	1897 	397 	409 	2044 	375 	322 	0 	0 	0 	0 	0 	0 	0 	0 	0 	0 	0 	0 	0 	0 	0 	0 	1044 	1102 	18 	54 		
#record	110 	224 	178 	181 	109 	226 	193 	1919 	401 	414 	2063 	378 	326 	0 	0 	0 	0 	0 	0 	0 	0 	0 	0 	0 	0 	0 	0 	0 	0 	1053 	1112 	18 	54 		
#record	111 	226 	179 	182 	110 	228 	195 	1936 	405 	418 	2087 	382 	330 	0 	0 	0 	0 	0 	0 	0 	0 	0 	0 	0 	0 	0 	0 	0 	0 	1062 	1121 	18 	55 		
#record	112 	228 	182 	184 	111 	230 	197 	1958 	409 	423 	2106 	386 	333 	0 	0 	0 	0 	0 	0 	0 	0 	0 	0 	0 	0 	0 	0 	0 	0 	1071 	1131 	18 	55 		
#record	113 	230 	183 	186 	112 	232 	199 	1975 	413 	428 	2126 	389 	337 	0 	0 	0 	0 	0 	0 	0 	0 	0 	0 	0 	0 	0 	0 	0 	0 	1080 	1140 	19 	56 		
#record	114 	231 	185 	187 	113 	234 	200 	1997 	417 	433 	2150 	393 	341 	0 	0 	0 	0 	0 	0 	0 	0 	0 	0 	0 	0 	0 	0 	0 	0 	1089 	1150 	19 	56 		
#record	115 	234 	186 	189 	114 	236 	201 	2014 	421 	438 	2169 	397 	345 	0 	0 	0 	0 	0 	0 	0 	0 	0 	0 	0 	0 	0 	0 	0 	0 	1098 	1159 	19 	57 		
#record	116 	236 	188 	190 	115 	238 	203 	2036 	425 	442 	2193 	401 	349 	0 	0 	0 	0 	0 	0 	0 	0 	0 	0 	0 	0 	0 	0 	0 	0 	1107 	1169 	19 	57 		
#record	117 	238 	189 	192 	116 	240 	205 	2053 	429 	447 	2212 	405 	352 	0 	0 	0 	0 	0 	0 	0 	0 	0 	0 	0 	0 	0 	0 	0 	0 	1116 	1178 	19 	58 		
#record	118 	239 	191 	194 	117 	242 	207 	2075 	433 	452 	2232 	408 	356 	0 	0 	0 	0 	0 	0 	0 	0 	0 	0 	0 	0 	0 	0 	0 	0 	1125 	1188 	19 	58 		
#record	119 	241 	192 	195 	118 	244 	209 	2092 	437 	457 	2256 	412 	360 	0 	0 	0 	0 	0 	0 	0 	0 	0 	0 	0 	0 	0 	0 	0 	0 	1134 	1197 	20 	59 		
#record	120 	244 	194 	197 	119 	246 	210 	2114 	441 	462 	2275 	416 	364 	0 	0 	0 	0 	0 	0 	0 	0 	0 	0 	0 	0 	0 	0 	0 	0 	1143 	1207 	20 	60 		
#record	121 	246 	195 	198 	120 	248 	212 	2131 	445 	466 	2295 	419 	367 	0 	0 	0 	0 	0 	0 	0 	0 	0 	0 	0 	0 	0 	0 	0 	0 	1152 	1216 	20 	60 		
#record	122 	248 	197 	200 	121 	250 	214 	2153 	449 	471 	2318 	424 	371 	0 	0 	0 	0 	0 	0 	0 	0 	0 	0 	0 	0 	0 	0 	0 	0 	1161 	1226 	20 	61 		
#record	123 	249 	199 	202 	122 	252 	216 	2171 	453 	476 	2338 	427 	375 	0 	0 	0 	0 	0 	0 	0 	0 	0 	0 	0 	0 	0 	0 	0 	0 	1170 	1235 	20 	61 		
#record	124 	251 	200 	203 	123 	254 	218 	2192 	457 	481 	2362 	431 	379 	0 	0 	0 	0 	0 	0 	0 	0 	0 	0 	0 	0 	0 	0 	0 	0 	1179 	1245 	20 	62 		
#record	125 	254 	202 	205 	124 	256 	219 	2210 	461 	486 	2381 	435 	383 	0 	0 	0 	0 	0 	0 	0 	0 	0 	0 	0 	0 	0 	0 	0 	0 	1188 	1254 	21 	62 		
#record	126 	256 	203 	206 	125 	258 	220 	2231 	465 	490 	2401 	438 	386 	0 	0 	0 	0 	0 	0 	0 	0 	0 	0 	0 	0 	0 	0 	0 	0 	1197 	1264 	21 	63 		
#record	127 	257 	205 	208 	126 	260 	222 	2249 	468 	495 	2424 	443 	390 	0 	0 	0 	0 	0 	0 	0 	0 	0 	0 	0 	0 	0 	0 	0 	0 	1206 	1273 	21 	63 		
#record	128 	259 	206 	210 	127 	262 	224 	2270 	473 	500 	2444 	446 	394 	0 	0 	0 	0 	0 	0 	0 	0 	0 	0 	0 	0 	0 	0 	0 	0 	1215 	1283 	21 	64 		
#record	129 	261 	208 	211 	128 	264 	226 	2288 	476 	505 	2464 	450 	398 	0 	0 	0 	0 	0 	0 	0 	0 	0 	0 	0 	0 	0 	0 	0 	0 	1224 	1292 	21 	64 		
#record	130 	264 	209 	213 	129 	266 	227 	2309 	481 	510 	2487 	454 	402 	0 	0 	0 	0 	0 	0 	0 	0 	0 	0 	0 	0 	0 	0 	0 	0 	1233 	1302 	21 	65 		
#record	131 	266 	211 	214 	130 	268 	229 	2327 	484 	514 	2507 	457 	405 	0 	0 	0 	0 	0 	0 	0 	0 	0 	0 	0 	0 	0 	0 	0 	0 	1242 	1311 	21 	65 		
#record	132 	267 	213 	216 	131 	270 	231 	2348 	489 	519 	2530 	461 	409 	0 	0 	0 	0 	0 	0 	0 	0 	0 	0 	0 	0 	0 	0 	0 	0 	1251 	1321 	22 	66 		
#record	133 	269 	215 	218 	132 	272 	233 	2366 	492 	524 	2550 	465 	413 	0 	0 	0 	0 	0 	0 	0 	0 	0 	0 	0 	0 	0 	0 	0 	0 	1260 	1330 	22 	66 		
#record	134 	271 	216 	219 	133 	274 	235 	2387 	497 	529 	2570 	468 	417 	0 	0 	0 	0 	0 	0 	0 	0 	0 	0 	0 	0 	0 	0 	0 	0 	1269 	1340 	22 	67 		
#record	135 	274 	218 	221 	134 	276 	236 	2405 	500 	534 	2593 	473 	420 	0 	0 	0 	0 	0 	0 	0 	0 	0 	0 	0 	0 	0 	0 	0 	0 	1278 	1349 	22 	67 		
#record	136 	275 	219 	222 	135 	278 	238 	2426 	505 	538 	2613 	476 	424 	0 	0 	0 	0 	0 	0 	0 	0 	0 	0 	0 	0 	0 	0 	0 	0 	1287 	1359 	22 	68 		
#record	137 	277 	221 	224 	136 	280 	239 	2444 	508 	543 	2632 	480 	428 	0 	0 	0 	0 	0 	0 	0 	0 	0 	0 	0 	0 	0 	0 	0 	0 	1296 	1368 	22 	68 		
#record	138 	279 	222 	226 	137 	282 	241 	2465 	513 	548 	2656 	484 	432 	0 	0 	0 	0 	0 	0 	0 	0 	0 	0 	0 	0 	0 	0 	0 	0 	1305 	1378 	23 	69 		
#record	139 	281 	224 	227 	138 	284 	243 	2483 	516 	553 	2676 	487 	436 	0 	0 	0 	0 	0 	0 	0 	0 	0 	0 	0 	0 	0 	0 	0 	0 	1314 	1387 	23 	69 		
#record	140 	284 	225 	229 	139 	286 	244 	2504 	521 	558 	2699 	492 	439 	0 	0 	0 	0 	0 	0 	0 	0 	0 	0 	0 	0 	0 	0 	0 	0 	1323 	1397 	23 	70 		
#record	141 	285 	227 	230 	140 	288 	246 	2522 	524 	562 	2719 	495 	443 	0 	0 	0 	0 	0 	0 	0 	0 	0 	0 	0 	0 	0 	0 	0 	0 	1332 	1406 	23 	70 		
#record	142 	287 	229 	232 	141 	290 	248 	2543 	529 	567 	2738 	499 	447 	0 	0 	0 	0 	0 	0 	0 	0 	0 	0 	0 	0 	0 	0 	0 	0 	1341 	1416 	23 	71 		
#record	143 	289 	230 	234 	142 	292 	250 	2561 	532 	572 	2762 	503 	451 	0 	0 	0 	0 	0 	0 	0 	0 	0 	0 	0 	0 	0 	0 	0 	0 	1350 	1425 	23 	71 		
#record	144 	291 	232 	235 	143 	294 	252 	2582 	537 	577 	2781 	506 	455 	0 	0 	0 	0 	0 	0 	0 	0 	0 	0 	0 	0 	0 	0 	0 	0 	1359 	1435 	24 	72 		
#record	145 	293 	233 	237 	144 	296 	253 	2600 	540 	582 	2801 	510 	458 	0 	0 	0 	0 	0 	0 	0 	0 	0 	0 	0 	0 	0 	0 	0 	0 	1368 	1444 	24 	72 		
#record	146 	295 	235 	238 	145 	298 	255 	2621 	545 	586 	2825 	514 	462 	0 	0 	0 	0 	0 	0 	0 	0 	0 	0 	0 	0 	0 	0 	0 	0 	1377 	1454 	24 	73 		
#record	147 	297 	236 	240 	146 	300 	257 	2639 	548 	591 	2844 	517 	466 	0 	0 	0 	0 	0 	0 	0 	0 	0 	0 	0 	0 	0 	0 	0 	0 	1386 	1463 	24 	73 		
#record	148 	299 	238 	242 	147 	302 	258 	2660 	552 	596 	2868 	522 	470 	0 	0 	0 	0 	0 	0 	0 	0 	0 	0 	0 	0 	0 	0 	0 	0 	1395 	1473 	24 	74 		
#record	149 	301 	239 	243 	148 	304 	260 	2681 	557 	601 	2887 	525 	473 	0 	0 	0 	0 	0 	0 	0 	0 	0 	0 	0 	0 	0 	0 	0 	0 	1404 	1482 	24 	74 		
#record	150 	303 	241 	245 	149 	306 	261 	2699 	560 	606 	2907 	529 	477 	0 	0 	0 	0 	0 	0 	0 	0 	0 	0 	0 	0 	0 	0 	0 	0 	1413 	1492 	24 	75 		
																																			
#end																																			
