
#ignore	\o042			
#exchange	#	\x20		

#table	Param																																		
#columntype	Dword	Dword	Dword	Dword	Dword	Dword	Dword	Dword	Dword	Dword	Dword	Dword	Dword	Dword	Dword	Dword	Dword	Dword	Dword	Dword	Dword	Dword	Dword	Dword	Dword	Dword	Dword	Dword	Dword	Word	Word	DWord	DWord		
#columnname	Level	Strength	Constitution	Intelligence	Wizdom	Dexterity	MentalPower	SoulHP	MAXSoulHP	PriceHPStone	SoulSP	MAXSoulSP	PriceSPStone	AtkPerAP	DmgPerAP	MaxPwrStone	NumPwrStone	PricePwrStone	PwrStoneWC	PwrStoneMA	MaxGrdStone	NumGrdStone	PriceGrdStone	GrdStoneAC	GrdStoneMR	PainRes	RestraintRes	CurseRes	ShockRes	MaxHP	MaxSP	CharTitlePt	SkillPwrPt		
#record	1 	11 	17 	6 	0 	10 	8 	36 	15 	3 	8 	7 	1 	0 	0 	0 	0 	0 	0 	0 	0 	0 	0 	0 	0 	0 	0 	0 	0 	84 	68 	1 	0 		
#record	2 	12 	18 	7 	1 	10 	9 	52 	15 	4 	16 	7 	2 	0 	0 	0 	0 	0 	0 	0 	0 	0 	0 	0 	0 	0 	0 	0 	0 	95 	77 	1 	0 		
#record	3 	13 	19 	7 	2 	11 	9 	63 	17 	6 	25 	8 	2 	0 	0 	0 	0 	0 	0 	0 	0 	0 	0 	0 	0 	0 	0 	0 	0 	105 	85 	1 	1 		
#record	4 	15 	21 	8 	3 	13 	11 	80 	17 	7 	33 	8 	3 	0 	0 	0 	0 	0 	0 	0 	0 	0 	0 	0 	0 	0 	0 	0 	0 	116 	94 	1 	1 		
#record	5 	18 	23 	10 	4 	15 	12 	96 	19 	8 	42 	9 	3 	0 	0 	0 	0 	0 	0 	0 	0 	0 	0 	0 	0 	0 	0 	0 	0 	126 	102 	1 	2 		
#record	6 	20 	25 	11 	5 	17 	14 	113 	20 	9 	54 	10 	4 	0 	0 	0 	0 	0 	0 	0 	0 	0 	0 	0 	0 	0 	0 	0 	0 	137 	111 	2 	2 		
#record	7 	22 	27 	12 	6 	19 	15 	129 	22 	10 	62 	11 	4 	0 	0 	0 	0 	0 	0 	0 	0 	0 	0 	0 	0 	0 	0 	0 	0 	147 	119 	2 	3 		
#record	8 	24 	29 	13 	7 	21 	17 	146 	23 	12 	70 	11 	5 	0 	0 	0 	0 	0 	0 	0 	0 	0 	0 	0 	0 	0 	0 	0 	0 	158 	128 	2 	3 		
#record	9 	26 	31 	14 	8 	23 	19 	158 	25 	13 	79 	12 	5 	0 	0 	0 	0 	0 	0 	0 	0 	0 	0 	0 	0 	0 	0 	0 	0 	168 	136 	2 	4 		
#record	10 	29 	33 	16 	9 	25 	20 	175 	26 	14 	87 	13 	6 	0 	0 	0 	0 	0 	0 	0 	0 	0 	0 	0 	0 	0 	0 	0 	0 	179 	145 	2 	4 		
#record	11 	31 	35 	17 	10 	27 	21 	191 	28 	15 	96 	14 	6 	0 	0 	0 	0 	0 	0 	0 	0 	0 	0 	0 	0 	0 	0 	0 	0 	189 	153 	2 	5 		
#record	12 	33 	39 	18 	11 	29 	23 	208 	29 	16 	104 	14 	7 	0 	0 	0 	0 	0 	0 	0 	0 	0 	0 	0 	0 	0 	0 	0 	0 	200 	162 	3 	5 		
#record	13 	35 	41 	19 	12 	30 	25 	224 	31 	18 	113 	15 	7 	0 	0 	0 	0 	0 	0 	0 	0 	0 	0 	0 	0 	0 	0 	0 	0 	210 	170 	3 	6 		
#record	14 	37 	43 	20 	13 	32 	26 	241 	32 	19 	121 	16 	8 	0 	0 	0 	0 	0 	0 	0 	0 	0 	0 	0 	0 	0 	0 	0 	0 	221 	179 	3 	6 		
#record	15 	40 	45 	22 	14 	34 	27 	253 	34 	20 	130 	16 	8 	0 	0 	0 	0 	0 	0 	0 	0 	0 	0 	0 	0 	0 	0 	0 	0 	231 	187 	3 	7 		
#record	16 	42 	47 	23 	15 	36 	29 	270 	35 	21 	138 	17 	9 	0 	0 	0 	0 	0 	0 	0 	0 	0 	0 	0 	0 	0 	0 	0 	0 	242 	196 	3 	7 		
#record	17 	44 	49 	24 	16 	38 	31 	286 	37 	22 	146 	18 	9 	0 	0 	0 	0 	0 	0 	0 	0 	0 	0 	0 	0 	0 	0 	0 	0 	252 	204 	3 	8 		
#record	18 	46 	51 	25 	17 	40 	32 	303 	38 	24 	154 	18 	10 	0 	0 	0 	0 	0 	0 	0 	0 	0 	0 	0 	0 	0 	0 	0 	0 	263 	213 	4 	8 		
#record	19 	48 	53 	26 	18 	42 	34 	319 	40 	25 	167 	19 	10 	0 	0 	0 	0 	0 	0 	0 	0 	0 	0 	0 	0 	0 	0 	0 	0 	273 	221 	4 	9 		
#record	20 	51 	55 	28 	19 	44 	35 	390 	58 	28 	206 	20 	12 	0 	0 	0 	0 	0 	0 	0 	0 	0 	0 	0 	0 	0 	0 	0 	0 	284 	230 	4 	9 		
#record	21 	53 	58 	29 	20 	46 	37 	410 	61 	32 	217 	22 	13 	0 	0 	0 	0 	0 	0 	0 	0 	0 	0 	0 	0 	0 	0 	0 	0 	294 	238 	4 	10 		
#record	22 	55 	61 	30 	21 	48 	38 	429 	71 	33 	226 	23 	15 	0 	0 	0 	0 	0 	0 	0 	0 	0 	0 	0 	0 	0 	0 	0 	0 	305 	247 	4 	10 		
#record	23 	57 	63 	31 	22 	49 	40 	443 	74 	34 	236 	24 	16 	0 	0 	0 	0 	0 	0 	0 	0 	0 	0 	0 	0 	0 	0 	0 	0 	315 	255 	4 	11 		
#record	24 	59 	65 	32 	23 	51 	42 	460 	86 	34 	245 	25 	18 	0 	0 	0 	0 	0 	0 	0 	0 	0 	0 	0 	0 	0 	0 	0 	0 	326 	264 	4 	11 		
#record	25 	62 	67 	34 	24 	53 	43 	476 	91 	37 	258 	26 	19 	0 	0 	0 	0 	0 	0 	0 	0 	0 	0 	0 	0 	0 	0 	0 	0 	336 	272 	5 	12 		
#record	26 	64 	69 	35 	25 	55 	44 	487 	94 	40 	265 	27 	21 	0 	0 	0 	0 	0 	0 	0 	0 	0 	0 	0 	0 	0 	0 	0 	0 	347 	281 	5 	12 		
#record	27 	66 	71 	36 	26 	57 	46 	502 	111 	43 	272 	54 	22 	0 	0 	0 	0 	0 	0 	0 	0 	0 	0 	0 	0 	0 	0 	0 	0 	357 	289 	5 	13 		
#record	28 	68 	73 	37 	27 	59 	48 	517 	115 	46 	282 	56 	24 	0 	0 	0 	0 	0 	0 	0 	0 	0 	0 	0 	0 	0 	0 	0 	0 	368 	298 	5 	13 		
#record	29 	70 	75 	38 	28 	61 	49 	540 	120 	48 	294 	58 	25 	0 	0 	0 	0 	0 	0 	0 	0 	0 	0 	0 	0 	0 	0 	0 	0 	378 	306 	5 	14 		
#record	30 	73 	77 	40 	29 	63 	50 	564 	125 	51 	307 	60 	27 	0 	0 	0 	0 	0 	0 	0 	0 	0 	0 	0 	0 	0 	0 	0 	0 	389 	315 	5 	14 		
#record	31 	75 	80 	41 	30 	65 	52 	584 	129 	54 	319 	63 	28 	0 	0 	0 	0 	0 	0 	0 	0 	0 	0 	0 	0 	0 	0 	0 	0 	399 	323 	6 	15 		
#record	32 	77 	83 	42 	31 	67 	54 	607 	133 	57 	336 	66 	30 	0 	0 	0 	0 	0 	0 	0 	0 	0 	0 	0 	0 	0 	0 	0 	0 	410 	332 	6 	15 		
#record	33 	79 	85 	43 	32 	68 	55 	631 	138 	60 	348 	68 	31 	0 	0 	0 	0 	0 	0 	0 	0 	0 	0 	0 	0 	0 	0 	0 	0 	420 	340 	6 	16 		
#record	34 	81 	87 	44 	33 	70 	57 	650 	142 	63 	361 	70 	33 	0 	0 	0 	0 	0 	0 	0 	0 	0 	0 	0 	0 	0 	0 	0 	0 	431 	349 	6 	16 		
#record	35 	84 	89 	46 	34 	72 	58 	674 	147 	66 	373 	72 	34 	0 	0 	0 	0 	0 	0 	0 	0 	0 	0 	0 	0 	0 	0 	0 	0 	441 	357 	6 	17 		
#record	36 	86 	91 	47 	35 	74 	60 	697 	152 	69 	386 	74 	36 	0 	0 	0 	0 	0 	0 	0 	0 	0 	0 	0 	0 	0 	0 	0 	0 	452 	366 	6 	17 		
#record	37 	88 	93 	48 	36 	76 	61 	718 	156 	72 	398 	77 	37 	0 	0 	0 	0 	0 	0 	0 	0 	0 	0 	0 	0 	0 	0 	0 	0 	462 	374 	7 	18 		
#record	38 	90 	95 	49 	37 	78 	63 	741 	161 	74 	414 	80 	39 	0 	0 	0 	0 	0 	0 	0 	0 	0 	0 	0 	0 	0 	0 	0 	0 	473 	383 	7 	18 		
#record	39 	92 	97 	50 	38 	80 	65 	764 	166 	77 	426 	82 	40 	0 	0 	0 	0 	0 	0 	0 	0 	0 	0 	0 	0 	0 	0 	0 	0 	483 	391 	7 	19 		
#record	40 	95 	100 	52 	39 	82 	65 	784 	170 	80 	439 	84 	42 	0 	0 	0 	0 	0 	0 	0 	0 	0 	0 	0 	0 	0 	0 	0 	0 	494 	400 	7 	19 		
#record	41 	97 	102 	53 	40 	84 	67 	808 	174 	83 	451 	86 	43 	0 	0 	0 	0 	0 	0 	0 	0 	0 	0 	0 	0 	0 	0 	0 	0 	504 	408 	7 	20 		
#record	42 	99 	105 	54 	41 	86 	69 	831 	179 	86 	464 	88 	45 	0 	0 	0 	0 	0 	0 	0 	0 	0 	0 	0 	0 	0 	0 	0 	0 	515 	417 	7 	20 		
#record	43 	101 	107 	55 	42 	87 	71 	851 	183 	89 	476 	91 	46 	0 	0 	0 	0 	0 	0 	0 	0 	0 	0 	0 	0 	0 	0 	0 	0 	525 	425 	7 	21 		
#record	44 	103 	109 	56 	43 	89 	72 	874 	188 	92 	493 	94 	48 	0 	0 	0 	0 	0 	0 	0 	0 	0 	0 	0 	0 	0 	0 	0 	0 	536 	434 	8 	21 		
#record	45 	106 	111 	58 	44 	91 	73 	895 	192 	95 	505 	96 	49 	0 	0 	0 	0 	0 	0 	0 	0 	0 	0 	0 	0 	0 	0 	0 	0 	546 	442 	8 	22 		
#record	46 	108 	113 	59 	45 	93 	75 	918 	197 	97 	518 	98 	51 	0 	0 	0 	0 	0 	0 	0 	0 	0 	0 	0 	0 	0 	0 	0 	0 	557 	451 	8 	22 		
#record	47 	110 	115 	60 	46 	95 	77 	942 	202 	100 	530 	100 	52 	0 	0 	0 	0 	0 	0 	0 	0 	0 	0 	0 	0 	0 	0 	0 	0 	567 	459 	8 	23 		
#record	48 	112 	117 	61 	47 	97 	78 	961 	206 	103 	542 	102 	54 	0 	0 	0 	0 	0 	0 	0 	0 	0 	0 	0 	0 	0 	0 	0 	0 	578 	468 	8 	23 		
#record	49 	114 	119 	62 	48 	99 	80 	985 	211 	106 	554 	105 	55 	0 	0 	0 	0 	0 	0 	0 	0 	0 	0 	0 	0 	0 	0 	0 	0 	588 	476 	8 	24 		
#record	50 	117 	122 	64 	49 	101 	81 	1009 	215 	109 	571 	108 	57 	0 	0 	0 	0 	0 	0 	0 	0 	0 	0 	0 	0 	0 	0 	0 	0 	599 	485 	9 	24 		
#record	51 	119 	124 	65 	50 	103 	82 	1028 	219 	126 	583 	110 	67 	0 	0 	0 	0 	0 	0 	0 	0 	0 	0 	0 	0 	0 	0 	0 	0 	609 	493 	9 	25 		
#record	52 	121 	127 	66 	51 	105 	84 	1052 	224 	129 	595 	112 	69 	0 	0 	0 	0 	0 	0 	0 	0 	0 	0 	0 	0 	0 	0 	0 	0 	620 	502 	9 	25 		
#record	53 	123 	129 	67 	52 	106 	86 	1075 	229 	132 	608 	114 	70 	0 	0 	0 	0 	0 	0 	0 	0 	0 	0 	0 	0 	0 	0 	0 	0 	630 	510 	9 	26 		
#record	54 	125 	131 	68 	53 	108 	88 	1096 	233 	136 	620 	116 	72 	0 	0 	0 	0 	0 	0 	0 	0 	0 	0 	0 	0 	0 	0 	0 	0 	641 	519 	9 	26 		
#record	55 	128 	133 	70 	54 	110 	88 	1119 	238 	139 	633 	119 	74 	0 	0 	0 	0 	0 	0 	0 	0 	0 	0 	0 	0 	0 	0 	0 	0 	651 	527 	9 	27 		
#record	56 	130 	135 	71 	55 	112 	90 	1142 	243 	142 	645 	121 	76 	0 	0 	0 	0 	0 	0 	0 	0 	0 	0 	0 	0 	0 	0 	0 	0 	662 	536 	10 	27 		
#record	57 	132 	137 	72 	56 	114 	92 	1162 	247 	145 	662 	124 	77 	0 	0 	0 	0 	0 	0 	0 	0 	0 	0 	0 	0 	0 	0 	0 	0 	672 	544 	10 	28 		
#record	58 	134 	139 	73 	57 	116 	94 	1186 	252 	149 	674 	126 	79 	0 	0 	0 	0 	0 	0 	0 	0 	0 	0 	0 	0 	0 	0 	0 	0 	683 	553 	10 	28 		
#record	59 	136 	142 	74 	58 	118 	95 	1209 	256 	152 	686 	128 	81 	0 	0 	0 	0 	0 	0 	0 	0 	0 	0 	0 	0 	0 	0 	0 	0 	693 	561 	10 	29 		
#record	60 	139 	144 	76 	59 	120 	96 	1233 	261 	208 	702 	131 	114 	0 	0 	0 	0 	0 	0 	0 	0 	0 	0 	0 	0 	0 	0 	0 	0 	704 	570 	10 	29 		
#record	61 	141 	146 	77 	60 	122 	98 	1259 	267 	214 	715 	133 	118 	0 	0 	0 	0 	0 	0 	0 	0 	0 	0 	0 	0 	0 	0 	0 	0 	714 	578 	10 	30 		
#record	62 	143 	149 	78 	61 	124 	99 	1283 	271 	220 	731 	136 	121 	0 	0 	0 	0 	0 	0 	0 	0 	0 	0 	0 	0 	0 	0 	0 	0 	725 	587 	11 	30 		
#record	63 	145 	151 	79 	62 	125 	101 	1310 	277 	226 	748 	139 	124 	0 	0 	0 	0 	0 	0 	0 	0 	0 	0 	0 	0 	0 	0 	0 	0 	735 	595 	11 	31 		
#record	64 	147 	153 	80 	63 	127 	103 	1334 	282 	231 	760 	141 	127 	0 	0 	0 	0 	0 	0 	0 	0 	0 	0 	0 	0 	0 	0 	0 	0 	746 	604 	11 	31 		
#record	65 	150 	155 	82 	64 	129 	104 	1360 	287 	237 	777 	144 	130 	0 	0 	0 	0 	0 	0 	0 	0 	0 	0 	0 	0 	0 	0 	0 	0 	756 	612 	11 	32 		
#record	66 	152 	157 	83 	65 	131 	105 	1384 	292 	243 	793 	147 	133 	0 	0 	0 	0 	0 	0 	0 	0 	0 	0 	0 	0 	0 	0 	0 	0 	767 	621 	11 	32 		
#record	67 	154 	159 	84 	66 	133 	107 	1411 	297 	249 	810 	150 	137 	0 	0 	0 	0 	0 	0 	0 	0 	0 	0 	0 	0 	0 	0 	0 	0 	777 	629 	11 	33 		
#record	68 	156 	161 	85 	67 	135 	109 	1438 	303 	254 	822 	152 	140 	0 	0 	0 	0 	0 	0 	0 	0 	0 	0 	0 	0 	0 	0 	0 	0 	788 	638 	11 	33 		
#record	69 	158 	164 	86 	68 	137 	111 	1461 	308 	260 	838 	155 	143 	0 	0 	0 	0 	0 	0 	0 	0 	0 	0 	0 	0 	0 	0 	0 	0 	798 	646 	12 	34 		
#record	70 	161 	166 	88 	69 	139 	111 	1488 	313 	266 	854 	158 	146 	0 	0 	0 	0 	0 	0 	0 	0 	0 	0 	0 	0 	0 	0 	0 	0 	809 	655 	12 	34 		
#record	71 	163 	168 	89 	70 	141 	113 	1511 	318 	272 	867 	160 	149 	0 	0 	0 	0 	0 	0 	0 	0 	0 	0 	0 	0 	0 	0 	0 	0 	819 	663 	12 	35 		
#record	72 	165 	171 	90 	71 	143 	115 	1539 	324 	277 	883 	163 	152 	0 	0 	0 	0 	0 	0 	0 	0 	0 	0 	0 	0 	0 	0 	0 	0 	830 	672 	12 	35 		
#record	73 	167 	173 	91 	72 	144 	116 	1562 	328 	283 	900 	166 	156 	0 	0 	0 	0 	0 	0 	0 	0 	0 	0 	0 	0 	0 	0 	0 	0 	840 	680 	12 	36 		
#record	74 	169 	175 	92 	73 	146 	118 	1589 	334 	289 	912 	168 	159 	0 	0 	0 	0 	0 	0 	0 	0 	0 	0 	0 	0 	0 	0 	0 	0 	851 	689 	12 	36 		
#record	75 	172 	177 	94 	74 	148 	119 	1616 	339 	295 	929 	171 	162 	0 	0 	0 	0 	0 	0 	0 	0 	0 	0 	0 	0 	0 	0 	0 	0 	861 	697 	13 	37 		
#record	76 	174 	179 	95 	75 	150 	121 	1639 	344 	300 	945 	174 	165 	0 	0 	0 	0 	0 	0 	0 	0 	0 	0 	0 	0 	0 	0 	0 	0 	872 	706 	13 	37 		
#record	77 	176 	181 	96 	76 	152 	122 	1667 	350 	306 	961 	177 	168 	0 	0 	0 	0 	0 	0 	0 	0 	0 	0 	0 	0 	0 	0 	0 	0 	882 	714 	13 	38 		
#record	78 	178 	184 	97 	77 	154 	124 	1690 	354 	312 	974 	179 	171 	0 	0 	0 	0 	0 	0 	0 	0 	0 	0 	0 	0 	0 	0 	0 	0 	893 	723 	13 	38 		
#record	79 	180 	186 	98 	78 	156 	126 	1717 	360 	318 	990 	182 	175 	0 	0 	0 	0 	0 	0 	0 	0 	0 	0 	0 	0 	0 	0 	0 	0 	903 	731 	13 	39 		
#record	80 	183 	188 	100 	79 	158 	127 	1740 	365 	324 	1006 	185 	178 	0 	0 	0 	0 	0 	0 	0 	0 	0 	0 	0 	0 	0 	0 	0 	0 	914 	740 	13 	39 		
#record	81 	185 	190 	101 	80 	160 	128 	1768 	370 	329 	1018 	187 	181 	0 	0 	0 	0 	0 	0 	0 	0 	0 	0 	0 	0 	0 	0 	0 	0 	924 	748 	14 	40 		
#record	82 	187 	193 	102 	81 	162 	130 	1791 	375 	335 	1035 	190 	184 	0 	0 	0 	0 	0 	0 	0 	0 	0 	0 	0 	0 	0 	0 	0 	0 	935 	757 	14 	40 		
#record	83 	189 	195 	103 	82 	163 	132 	1818 	381 	341 	1051 	193 	187 	0 	0 	0 	0 	0 	0 	0 	0 	0 	0 	0 	0 	0 	0 	0 	0 	945 	765 	14 	41 		
#record	84 	191 	197 	104 	83 	165 	133 	1845 	386 	347 	1064 	196 	190 	0 	0 	0 	0 	0 	0 	0 	0 	0 	0 	0 	0 	0 	0 	0 	0 	956 	774 	14 	41 		
#record	85 	194 	199 	106 	84 	167 	134 	1868 	391 	352 	1080 	198 	194 	0 	0 	0 	0 	0 	0 	0 	0 	0 	0 	0 	0 	0 	0 	0 	0 	966 	782 	14 	42 		
#record	86 	196 	201 	107 	85 	169 	136 	1895 	396 	358 	1097 	201 	197 	0 	0 	0 	0 	0 	0 	0 	0 	0 	0 	0 	0 	0 	0 	0 	0 	977 	791 	14 	42 		
#record	87 	198 	203 	108 	86 	171 	138 	1919 	401 	364 	1113 	204 	200 	0 	0 	0 	0 	0 	0 	0 	0 	0 	0 	0 	0 	0 	0 	0 	0 	987 	799 	14 	43 		
#record	88 	200 	206 	109 	87 	173 	139 	1945 	407 	370 	1126 	207 	203 	0 	0 	0 	0 	0 	0 	0 	0 	0 	0 	0 	0 	0 	0 	0 	0 	998 	808 	15 	43 		
#record	89 	202 	208 	110 	88 	175 	141 	1969 	411 	375 	1142 	209 	206 	0 	0 	0 	0 	0 	0 	0 	0 	0 	0 	0 	0 	0 	0 	0 	0 	1008 	816 	15 	44 		
#record	90 	205 	210 	112 	89 	177 	142 	1996 	417 	381 	1158 	212 	209 	0 	0 	0 	0 	0 	0 	0 	0 	0 	0 	0 	0 	0 	0 	0 	0 	1019 	825 	15 	44 		
#record	91 	207 	212 	113 	90 	179 	144 	2020 	422 	387 	1170 	215 	213 	0 	0 	0 	0 	0 	0 	0 	0 	0 	0 	0 	0 	0 	0 	0 	0 	1029 	833 	15 	45 		
#record	92 	209 	215 	114 	91 	181 	145 	2046 	427 	393 	1187 	218 	216 	0 	0 	0 	0 	0 	0 	0 	0 	0 	0 	0 	0 	0 	0 	0 	0 	1040 	842 	15 	45 		
#record	93 	211 	217 	115 	92 	182 	147 	2073 	433 	398 	1203 	220 	219 	0 	0 	0 	0 	0 	0 	0 	0 	0 	0 	0 	0 	0 	0 	0 	0 	1050 	850 	15 	46 		
#record	94 	213 	219 	116 	93 	184 	149 	2097 	437 	404 	1216 	223 	222 	0 	0 	0 	0 	0 	0 	0 	0 	0 	0 	0 	0 	0 	0 	0 	0 	1061 	859 	16 	46 		
#record	95 	216 	221 	118 	94 	186 	150 	2124 	443 	410 	1232 	226 	225 	0 	0 	0 	0 	0 	0 	0 	0 	0 	0 	0 	0 	0 	0 	0 	0 	1071 	867 	16 	47 		
#record	96 	218 	223 	119 	95 	188 	151 	2147 	448 	416 	1249 	229 	228 	0 	0 	0 	0 	0 	0 	0 	0 	0 	0 	0 	0 	0 	0 	0 	0 	1082 	876 	16 	47 		
#record	97 	220 	226 	120 	96 	190 	153 	2174 	453 	421 	1265 	231 	232 	0 	0 	0 	0 	0 	0 	0 	0 	0 	0 	0 	0 	0 	0 	0 	0 	1092 	884 	16 	48 		
#record	98 	222 	228 	121 	97 	192 	155 	2197 	458 	427 	1278 	234 	235 	0 	0 	0 	0 	0 	0 	0 	0 	0 	0 	0 	0 	0 	0 	0 	0 	1103 	893 	16 	48 		
#record	99 	224 	230 	122 	98 	194 	156 	2225 	464 	433 	1294 	237 	238 	0 	0 	0 	0 	0 	0 	0 	0 	0 	0 	0 	0 	0 	0 	0 	0 	1113 	901 	16 	49 		
#record	100 	227 	232 	124 	99 	196 	157 	2252 	469 	439 	1310 	240 	241 	0 	0 	0 	0 	0 	0 	0 	0 	0 	0 	0 	0 	0 	0 	0 	0 	1124 	910 	17 	49 		
#record	101 	229 	234 	125 	100 	198 	159 	2275 	474 	444 	1322 	242 	244 	0 	0 	0 	0 	0 	0 	0 	0 	0 	0 	0 	0 	0 	0 	0 	0 	1134 	918 	17 	50 		
#record	102 	231 	237 	126 	101 	200 	161 	2302 	479 	450 	1338 	245 	247 	0 	0 	0 	0 	0 	0 	0 	0 	0 	0 	0 	0 	0 	0 	0 	0 	1145 	927 	17 	50 		
#record	103 	233 	239 	127 	102 	201 	162 	2325 	484 	456 	1355 	248 	251 	0 	0 	0 	0 	0 	0 	0 	0 	0 	0 	0 	0 	0 	0 	0 	0 	1155 	935 	17 	51 		
#record	104 	235 	241 	128 	103 	203 	164 	2353 	490 	462 	1367 	250 	254 	0 	0 	0 	0 	0 	0 	0 	0 	0 	0 	0 	0 	0 	0 	0 	0 	1166 	944 	17 	51 		
#record	105 	238 	243 	130 	104 	205 	165 	2376 	494 	468 	1384 	253 	257 	0 	0 	0 	0 	0 	0 	0 	0 	0 	0 	0 	0 	0 	0 	0 	0 	1176 	952 	17 	52 		
#record	106 	240 	245 	131 	105 	207 	167 	2403 	500 	473 	1400 	256 	260 	0 	0 	0 	0 	0 	0 	0 	0 	0 	0 	0 	0 	0 	0 	0 	0 	1187 	961 	17 	52 		
#record	107 	242 	248 	132 	106 	209 	168 	2426 	505 	479 	1417 	259 	263 	0 	0 	0 	0 	0 	0 	0 	0 	0 	0 	0 	0 	0 	0 	0 	0 	1197 	969 	18 	53 		
#record	108 	244 	250 	133 	107 	211 	170 	2454 	510 	485 	1429 	261 	266 	0 	0 	0 	0 	0 	0 	0 	0 	0 	0 	0 	0 	0 	0 	0 	0 	1208 	978 	18 	53 		
#record	109 	246 	252 	134 	108 	213 	172 	2480 	516 	491 	1446 	264 	270 	0 	0 	0 	0 	0 	0 	0 	0 	0 	0 	0 	0 	0 	0 	0 	0 	1218 	986 	18 	54 		
#record	110 	249 	254 	136 	109 	215 	173 	2504 	521 	496 	1462 	267 	273 	0 	0 	0 	0 	0 	0 	0 	0 	0 	0 	0 	0 	0 	0 	0 	0 	1229 	995 	18 	54 		
#record	111 	251 	256 	137 	110 	217 	174 	2531 	526 	502 	1474 	269 	276 	0 	0 	0 	0 	0 	0 	0 	0 	0 	0 	0 	0 	0 	0 	0 	0 	1239 	1003 	18 	55 		
#record	112 	253 	259 	138 	111 	219 	176 	2554 	531 	508 	1490 	272 	279 	0 	0 	0 	0 	0 	0 	0 	0 	0 	0 	0 	0 	0 	0 	0 	0 	1250 	1012 	18 	55 		
#record	113 	255 	261 	139 	112 	220 	178 	2581 	536 	514 	1507 	275 	282 	0 	0 	0 	0 	0 	0 	0 	0 	0 	0 	0 	0 	0 	0 	0 	0 	1260 	1020 	19 	56 		
#record	114 	257 	263 	140 	113 	222 	179 	2605 	541 	519 	1519 	277 	285 	0 	0 	0 	0 	0 	0 	0 	0 	0 	0 	0 	0 	0 	0 	0 	0 	1271 	1029 	19 	56 		
#record	115 	260 	265 	142 	114 	224 	180 	2631 	547 	525 	1536 	280 	289 	0 	0 	0 	0 	0 	0 	0 	0 	0 	0 	0 	0 	0 	0 	0 	0 	1281 	1037 	19 	57 		
#record	116 	262 	268 	143 	115 	226 	182 	2655 	551 	531 	1552 	283 	292 	0 	0 	0 	0 	0 	0 	0 	0 	0 	0 	0 	0 	0 	0 	0 	0 	1292 	1046 	19 	57 		
#record	117 	264 	270 	144 	116 	228 	184 	2682 	557 	537 	1569 	286 	295 	0 	0 	0 	0 	0 	0 	0 	0 	0 	0 	0 	0 	0 	0 	0 	0 	1302 	1054 	19 	58 		
#record	118 	266 	272 	145 	117 	230 	185 	2709 	562 	542 	1581 	288 	298 	0 	0 	0 	0 	0 	0 	0 	0 	0 	0 	0 	0 	0 	0 	0 	0 	1313 	1063 	19 	58 		
#record	119 	268 	274 	146 	118 	232 	187 	2732 	567 	548 	1598 	291 	301 	0 	0 	0 	0 	0 	0 	0 	0 	0 	0 	0 	0 	0 	0 	0 	0 	1323 	1071 	20 	59 		
#record	120 	271 	276 	148 	119 	234 	188 	2759 	573 	554 	1614 	294 	304 	0 	0 	0 	0 	0 	0 	0 	0 	0 	0 	0 	0 	0 	0 	0 	0 	1334 	1080 	20 	60 		
#record	121 	273 	278 	149 	120 	236 	190 	2783 	577 	560 	1626 	296 	308 	0 	0 	0 	0 	0 	0 	0 	0 	0 	0 	0 	0 	0 	0 	0 	0 	1344 	1088 	20 	60 		
#record	122 	275 	281 	150 	121 	238 	191 	2810 	583 	565 	1642 	299 	311 	0 	0 	0 	0 	0 	0 	0 	0 	0 	0 	0 	0 	0 	0 	0 	0 	1355 	1097 	20 	61 		
#record	123 	277 	283 	151 	122 	239 	193 	2833 	588 	571 	1659 	302 	314 	0 	0 	0 	0 	0 	0 	0 	0 	0 	0 	0 	0 	0 	0 	0 	0 	1365 	1105 	20 	61 		
#record	124 	279 	285 	152 	123 	241 	195 	2860 	593 	577 	1671 	304 	317 	0 	0 	0 	0 	0 	0 	0 	0 	0 	0 	0 	0 	0 	0 	0 	0 	1376 	1114 	20 	62 		
#record	125 	282 	287 	154 	124 	243 	196 	2888 	599 	583 	1688 	307 	320 	0 	0 	0 	0 	0 	0 	0 	0 	0 	0 	0 	0 	0 	0 	0 	0 	1386 	1122 	21 	62 		
#record	126 	284 	290 	155 	125 	245 	197 	2911 	604 	588 	1704 	310 	323 	0 	0 	0 	0 	0 	0 	0 	0 	0 	0 	0 	0 	0 	0 	0 	0 	1397 	1131 	21 	63 		
#record	127 	286 	292 	156 	126 	247 	199 	2938 	609 	594 	1720 	313 	327 	0 	0 	0 	0 	0 	0 	0 	0 	0 	0 	0 	0 	0 	0 	0 	0 	1407 	1139 	21 	63 		
#record	128 	288 	294 	157 	127 	249 	201 	2961 	614 	600 	1733 	315 	330 	0 	0 	0 	0 	0 	0 	0 	0 	0 	0 	0 	0 	0 	0 	0 	0 	1418 	1148 	21 	64 		
#record	129 	290 	296 	158 	128 	251 	202 	2988 	619 	606 	1749 	318 	333 	0 	0 	0 	0 	0 	0 	0 	0 	0 	0 	0 	0 	0 	0 	0 	0 	1428 	1156 	21 	64 		
#record	130 	293 	298 	160 	129 	253 	203 	3011 	624 	612 	1766 	321 	336 	0 	0 	0 	0 	0 	0 	0 	0 	0 	0 	0 	0 	0 	0 	0 	0 	1439 	1165 	21 	65 		
#record	131 	295 	300 	161 	130 	255 	205 	3039 	630 	617 	1778 	323 	339 	0 	0 	0 	0 	0 	0 	0 	0 	0 	0 	0 	0 	0 	0 	0 	0 	1449 	1173 	21 	65 		
#record	132 	297 	303 	162 	131 	257 	207 	3062 	634 	623 	1794 	326 	342 	0 	0 	0 	0 	0 	0 	0 	0 	0 	0 	0 	0 	0 	0 	0 	0 	1460 	1182 	22 	66 		
#record	133 	299 	305 	163 	132 	258 	208 	3089 	640 	629 	1810 	329 	346 	0 	0 	0 	0 	0 	0 	0 	0 	0 	0 	0 	0 	0 	0 	0 	0 	1470 	1190 	22 	66 		
#record	134 	301 	307 	164 	133 	260 	210 	3116 	645 	635 	1823 	331 	349 	0 	0 	0 	0 	0 	0 	0 	0 	0 	0 	0 	0 	0 	0 	0 	0 	1481 	1199 	22 	67 		
#record	135 	304 	310 	166 	134 	262 	211 	3140 	650 	640 	1839 	334 	352 	0 	0 	0 	0 	0 	0 	0 	0 	0 	0 	0 	0 	0 	0 	0 	0 	1491 	1207 	22 	67 		
#record	136 	306 	312 	167 	135 	264 	213 	3166 	656 	646 	1856 	337 	355 	0 	0 	0 	0 	0 	0 	0 	0 	0 	0 	0 	0 	0 	0 	0 	0 	1502 	1216 	22 	68 		
#record	137 	308 	314 	168 	136 	266 	214 	3190 	661 	652 	1872 	340 	358 	0 	0 	0 	0 	0 	0 	0 	0 	0 	0 	0 	0 	0 	0 	0 	0 	1512 	1224 	22 	68 		
#record	138 	310 	316 	169 	137 	268 	216 	3217 	666 	658 	1885 	342 	361 	0 	0 	0 	0 	0 	0 	0 	0 	0 	0 	0 	0 	0 	0 	0 	0 	1523 	1233 	23 	69 		
#record	139 	312 	318 	170 	138 	270 	218 	3240 	671 	663 	1901 	345 	365 	0 	0 	0 	0 	0 	0 	0 	0 	0 	0 	0 	0 	0 	0 	0 	0 	1533 	1241 	23 	69 		
#record	140 	315 	320 	172 	139 	272 	218 	3267 	676 	669 	1918 	348 	368 	0 	0 	0 	0 	0 	0 	0 	0 	0 	0 	0 	0 	0 	0 	0 	0 	1544 	1250 	23 	70 		
#record	141 	317 	322 	173 	140 	274 	220 	3291 	681 	675 	1930 	350 	371 	0 	0 	0 	0 	0 	0 	0 	0 	0 	0 	0 	0 	0 	0 	0 	0 	1554 	1258 	23 	70 		
#record	142 	319 	325 	174 	141 	276 	222 	3317 	687 	681 	1946 	353 	374 	0 	0 	0 	0 	0 	0 	0 	0 	0 	0 	0 	0 	0 	0 	0 	0 	1565 	1267 	23 	71 		
#record	143 	321 	327 	175 	142 	277 	224 	3345 	692 	686 	1962 	356 	377 	0 	0 	0 	0 	0 	0 	0 	0 	0 	0 	0 	0 	0 	0 	0 	0 	1575 	1275 	23 	71 		
#record	144 	323 	329 	176 	143 	279 	225 	3368 	697 	692 	1975 	358 	380 	0 	0 	0 	0 	0 	0 	0 	0 	0 	0 	0 	0 	0 	0 	0 	0 	1586 	1284 	24 	72 		
#record	145 	326 	332 	178 	144 	281 	226 	3395 	702 	698 	1991 	361 	384 	0 	0 	0 	0 	0 	0 	0 	0 	0 	0 	0 	0 	0 	0 	0 	0 	1596 	1292 	24 	72 		
#record	146 	328 	334 	179 	145 	283 	228 	3418 	707 	704 	2008 	364 	387 	0 	0 	0 	0 	0 	0 	0 	0 	0 	0 	0 	0 	0 	0 	0 	0 	1607 	1301 	24 	73 		
#record	147 	330 	336 	180 	146 	285 	230 	3445 	713 	709 	2024 	367 	390 	0 	0 	0 	0 	0 	0 	0 	0 	0 	0 	0 	0 	0 	0 	0 	0 	1617 	1309 	24 	73 		
#record	148 	332 	338 	181 	147 	287 	231 	3469 	717 	715 	2037 	369 	393 	0 	0 	0 	0 	0 	0 	0 	0 	0 	0 	0 	0 	0 	0 	0 	0 	1628 	1318 	24 	74 		
#record	149 	334 	340 	182 	148 	289 	233 	3496 	723 	721 	2053 	372 	396 	0 	0 	0 	0 	0 	0 	0 	0 	0 	0 	0 	0 	0 	0 	0 	0 	1638 	1326 	24 	74 		
#record	150 	337 	342 	184 	149 	291 	234 	3523 	729 	727 	2070 	375 	399 	0 	0 	0 	0 	0 	0 	0 	0 	0 	0 	0 	0 	0 	0 	0 	0 	1649 	1335 	24 	75 		
																																			
#end																																			
