
#ignore	\o042			
#exchange	#	\x20		

#table	Param																																		
#columntype	Dword	Dword	Dword	Dword	Dword	Dword	Dword	Dword	Dword	Dword	Dword	Dword	Dword	Dword	Dword	Dword	Dword	Dword	Dword	Dword	Dword	Dword	Dword	Dword	Dword	Dword	Dword	Dword	Dword	Word	Word	DWord	DWord		
#columnname	Level	Strength	Constitution	Intelligence	Wizdom	Dexterity	MentalPower	SoulHP	MAXSoulHP	PriceHPStone	SoulSP	MAXSoulSP	PriceSPStone	AtkPerAP	DmgPerAP	MaxPwrStone	NumPwrStone	PricePwrStone	PwrStoneWC	PwrStoneMA	MaxGrdStone	NumGrdStone	PriceGrdStone	GrdStoneAC	GrdStoneMR	PainRes	RestraintRes	CurseRes	ShockRes	MaxHP	MaxSP	CharTitlePt	SkillPwrPt		
#record	1 	22 	10 	7 	0 	11 	8 	36 	15 	3 	8 	7 	1 	0 	0 	0 	0 	0 	0 	0 	0 	0 	0 	0 	0 	0 	0 	0 	0 	76 	72 	1 	0 		
#record	2 	23 	11 	8 	1 	12 	9 	52 	15 	4 	16 	7 	2 	0 	0 	0 	0 	0 	0 	0 	0 	0 	0 	0 	0 	0 	0 	0 	0 	86 	81 	1 	0 		
#record	3 	24 	12 	8 	2 	13 	10 	63 	17 	6 	25 	8 	2 	0 	0 	0 	0 	0 	0 	0 	0 	0 	0 	0 	0 	0 	0 	0 	0 	95 	90 	1 	1 		
#record	4 	26 	14 	10 	3 	15 	12 	80 	17 	7 	33 	8 	3 	0 	0 	0 	0 	0 	0 	0 	0 	0 	0 	0 	0 	0 	0 	0 	0 	105 	99 	1 	1 		
#record	5 	29 	15 	11 	4 	18 	13 	96 	19 	8 	42 	9 	3 	0 	0 	0 	0 	0 	0 	0 	0 	0 	0 	0 	0 	0 	0 	0 	0 	114 	108 	1 	2 		
#record	6 	31 	17 	13 	5 	20 	14 	113 	20 	9 	54 	10 	4 	0 	0 	0 	0 	0 	0 	0 	0 	0 	0 	0 	0 	0 	0 	0 	0 	124 	117 	2 	2 		
#record	7 	33 	19 	14 	6 	22 	16 	129 	22 	10 	62 	11 	4 	0 	0 	0 	0 	0 	0 	0 	0 	0 	0 	0 	0 	0 	0 	0 	0 	133 	126 	2 	3 		
#record	8 	35 	21 	15 	7 	24 	18 	146 	23 	12 	70 	11 	5 	0 	0 	0 	0 	0 	0 	0 	0 	0 	0 	0 	0 	0 	0 	0 	0 	143 	135 	2 	3 		
#record	9 	37 	23 	17 	8 	26 	20 	158 	25 	13 	79 	12 	5 	0 	0 	0 	0 	0 	0 	0 	0 	0 	0 	0 	0 	0 	0 	0 	0 	152 	144 	2 	4 		
#record	10 	40 	24 	18 	9 	29 	21 	175 	26 	14 	87 	13 	6 	0 	0 	0 	0 	0 	0 	0 	0 	0 	0 	0 	0 	0 	0 	0 	0 	162 	153 	2 	4 		
#record	11 	43 	26 	20 	10 	31 	23 	191 	28 	15 	96 	14 	6 	0 	0 	0 	0 	0 	0 	0 	0 	0 	0 	0 	0 	0 	0 	0 	0 	171 	162 	2 	5 		
#record	12 	45 	29 	21 	11 	33 	24 	208 	29 	16 	104 	14 	7 	0 	0 	0 	0 	0 	0 	0 	0 	0 	0 	0 	0 	0 	0 	0 	0 	181 	171 	3 	5 		
#record	13 	47 	31 	22 	12 	35 	26 	224 	31 	18 	113 	15 	7 	0 	0 	0 	0 	0 	0 	0 	0 	0 	0 	0 	0 	0 	0 	0 	0 	190 	180 	3 	6 		
#record	14 	49 	32 	24 	13 	37 	28 	241 	32 	19 	121 	16 	8 	0 	0 	0 	0 	0 	0 	0 	0 	0 	0 	0 	0 	0 	0 	0 	0 	200 	189 	3 	6 		
#record	15 	52 	34 	25 	14 	40 	29 	253 	34 	20 	130 	16 	8 	0 	0 	0 	0 	0 	0 	0 	0 	0 	0 	0 	0 	0 	0 	0 	0 	209 	198 	3 	7 		
#record	16 	54 	36 	27 	15 	42 	31 	270 	35 	21 	138 	17 	9 	0 	0 	0 	0 	0 	0 	0 	0 	0 	0 	0 	0 	0 	0 	0 	0 	219 	207 	3 	7 		
#record	17 	56 	38 	28 	16 	44 	32 	286 	37 	22 	146 	18 	9 	0 	0 	0 	0 	0 	0 	0 	0 	0 	0 	0 	0 	0 	0 	0 	0 	228 	216 	3 	8 		
#record	18 	58 	40 	29 	17 	46 	34 	303 	38 	24 	154 	18 	10 	0 	0 	0 	0 	0 	0 	0 	0 	0 	0 	0 	0 	0 	0 	0 	0 	238 	225 	4 	8 		
#record	19 	60 	41 	31 	18 	48 	36 	319 	40 	25 	167 	19 	10 	0 	0 	0 	0 	0 	0 	0 	0 	0 	0 	0 	0 	0 	0 	0 	0 	247 	234 	4 	9 		
#record	20 	64 	43 	32 	19 	51 	37 	373 	58 	28 	197 	20 	12 	0 	0 	0 	0 	0 	0 	0 	0 	0 	0 	0 	0 	0 	0 	0 	0 	257 	243 	4 	9 		
#record	21 	66 	45 	34 	20 	53 	39 	392 	61 	32 	207 	22 	13 	0 	0 	0 	0 	0 	0 	0 	0 	0 	0 	0 	0 	0 	0 	0 	0 	266 	252 	4 	10 		
#record	22 	68 	48 	35 	21 	55 	41 	410 	71 	33 	216 	23 	15 	0 	0 	0 	0 	0 	0 	0 	0 	0 	0 	0 	0 	0 	0 	0 	0 	276 	261 	4 	10 		
#record	23 	70 	50 	36 	22 	57 	42 	422 	74 	34 	225 	24 	16 	0 	0 	0 	0 	0 	0 	0 	0 	0 	0 	0 	0 	0 	0 	0 	0 	285 	270 	4 	11 		
#record	24 	72 	51 	38 	23 	59 	44 	438 	86 	34 	233 	25 	18 	0 	0 	0 	0 	0 	0 	0 	0 	0 	0 	0 	0 	0 	0 	0 	0 	295 	279 	4 	11 		
#record	25 	75 	53 	39 	24 	62 	45 	454 	91 	37 	246 	26 	19 	0 	0 	0 	0 	0 	0 	0 	0 	0 	0 	0 	0 	0 	0 	0 	0 	304 	288 	5 	12 		
#record	26 	77 	55 	41 	25 	64 	47 	473 	94 	40 	258 	27 	21 	0 	0 	0 	0 	0 	0 	0 	0 	0 	0 	0 	0 	0 	0 	0 	0 	314 	297 	5 	12 		
#record	27 	79 	57 	42 	26 	66 	49 	497 	111 	43 	270 	54 	22 	0 	0 	0 	0 	0 	0 	0 	0 	0 	0 	0 	0 	0 	0 	0 	0 	323 	306 	5 	13 		
#record	28 	81 	59 	43 	27 	68 	50 	517 	115 	46 	282 	56 	24 	0 	0 	0 	0 	0 	0 	0 	0 	0 	0 	0 	0 	0 	0 	0 	0 	333 	315 	5 	13 		
#record	29 	84 	60 	45 	28 	70 	52 	540 	120 	48 	294 	58 	25 	0 	0 	0 	0 	0 	0 	0 	0 	0 	0 	0 	0 	0 	0 	0 	0 	342 	324 	5 	14 		
#record	30 	87 	62 	46 	29 	73 	53 	564 	125 	51 	307 	60 	27 	0 	0 	0 	0 	0 	0 	0 	0 	0 	0 	0 	0 	0 	0 	0 	0 	352 	333 	5 	14 		
#record	31 	89 	64 	48 	30 	75 	55 	584 	129 	54 	319 	63 	28 	0 	0 	0 	0 	0 	0 	0 	0 	0 	0 	0 	0 	0 	0 	0 	0 	361 	342 	6 	15 		
#record	32 	91 	67 	49 	31 	77 	57 	607 	133 	57 	336 	66 	30 	0 	0 	0 	0 	0 	0 	0 	0 	0 	0 	0 	0 	0 	0 	0 	0 	371 	351 	6 	15 		
#record	33 	93 	68 	50 	32 	79 	59 	631 	138 	60 	348 	68 	31 	0 	0 	0 	0 	0 	0 	0 	0 	0 	0 	0 	0 	0 	0 	0 	0 	380 	360 	6 	16 		
#record	34 	95 	70 	52 	33 	81 	60 	650 	142 	63 	361 	70 	33 	0 	0 	0 	0 	0 	0 	0 	0 	0 	0 	0 	0 	0 	0 	0 	0 	390 	369 	6 	16 		
#record	35 	98 	72 	53 	34 	84 	61 	674 	147 	66 	373 	72 	34 	0 	0 	0 	0 	0 	0 	0 	0 	0 	0 	0 	0 	0 	0 	0 	0 	399 	378 	6 	17 		
#record	36 	100 	74 	55 	35 	86 	63 	697 	152 	69 	386 	74 	36 	0 	0 	0 	0 	0 	0 	0 	0 	0 	0 	0 	0 	0 	0 	0 	0 	409 	387 	6 	17 		
#record	37 	102 	76 	56 	36 	88 	65 	718 	156 	72 	398 	77 	37 	0 	0 	0 	0 	0 	0 	0 	0 	0 	0 	0 	0 	0 	0 	0 	0 	418 	396 	7 	18 		
#record	38 	105 	77 	57 	37 	90 	67 	741 	161 	74 	414 	80 	39 	0 	0 	0 	0 	0 	0 	0 	0 	0 	0 	0 	0 	0 	0 	0 	0 	428 	405 	7 	18 		
#record	39 	107 	79 	59 	38 	92 	68 	764 	166 	77 	426 	82 	40 	0 	0 	0 	0 	0 	0 	0 	0 	0 	0 	0 	0 	0 	0 	0 	0 	437 	414 	7 	19 		
#record	40 	110 	81 	60 	39 	95 	69 	784 	170 	80 	439 	84 	42 	0 	0 	0 	0 	0 	0 	0 	0 	0 	0 	0 	0 	0 	0 	0 	0 	447 	423 	7 	19 		
#record	41 	112 	83 	62 	40 	97 	71 	808 	174 	83 	451 	86 	43 	0 	0 	0 	0 	0 	0 	0 	0 	0 	0 	0 	0 	0 	0 	0 	0 	456 	432 	7 	20 		
#record	42 	114 	86 	63 	41 	99 	73 	831 	179 	86 	464 	88 	45 	0 	0 	0 	0 	0 	0 	0 	0 	0 	0 	0 	0 	0 	0 	0 	0 	466 	441 	7 	20 		
#record	43 	116 	87 	64 	42 	101 	75 	851 	183 	89 	476 	91 	46 	0 	0 	0 	0 	0 	0 	0 	0 	0 	0 	0 	0 	0 	0 	0 	0 	475 	450 	7 	21 		
#record	44 	118 	89 	66 	43 	103 	77 	874 	188 	92 	493 	94 	48 	0 	0 	0 	0 	0 	0 	0 	0 	0 	0 	0 	0 	0 	0 	0 	0 	485 	459 	8 	21 		
#record	45 	121 	91 	67 	44 	106 	77 	895 	192 	95 	505 	96 	49 	0 	0 	0 	0 	0 	0 	0 	0 	0 	0 	0 	0 	0 	0 	0 	0 	494 	468 	8 	22 		
#record	46 	123 	93 	69 	45 	108 	79 	918 	197 	97 	518 	98 	51 	0 	0 	0 	0 	0 	0 	0 	0 	0 	0 	0 	0 	0 	0 	0 	0 	504 	477 	8 	22 		
#record	47 	126 	95 	70 	46 	110 	81 	942 	202 	100 	530 	100 	52 	0 	0 	0 	0 	0 	0 	0 	0 	0 	0 	0 	0 	0 	0 	0 	0 	513 	486 	8 	23 		
#record	48 	128 	96 	71 	47 	112 	83 	961 	206 	103 	542 	102 	54 	0 	0 	0 	0 	0 	0 	0 	0 	0 	0 	0 	0 	0 	0 	0 	0 	523 	495 	8 	23 		
#record	49 	130 	98 	73 	48 	114 	85 	985 	211 	106 	554 	105 	55 	0 	0 	0 	0 	0 	0 	0 	0 	0 	0 	0 	0 	0 	0 	0 	0 	532 	504 	8 	24 		
#record	50 	133 	100 	74 	49 	117 	86 	1009 	215 	109 	571 	108 	57 	0 	0 	0 	0 	0 	0 	0 	0 	0 	0 	0 	0 	0 	0 	0 	0 	542 	513 	9 	24 		
#record	51 	135 	102 	76 	50 	119 	87 	1028 	219 	126 	583 	110 	67 	0 	0 	0 	0 	0 	0 	0 	0 	0 	0 	0 	0 	0 	0 	0 	0 	551 	522 	9 	25 		
#record	52 	137 	104 	77 	51 	121 	89 	1052 	224 	129 	595 	112 	69 	0 	0 	0 	0 	0 	0 	0 	0 	0 	0 	0 	0 	0 	0 	0 	0 	561 	531 	9 	25 		
#record	53 	139 	106 	78 	52 	123 	91 	1075 	229 	132 	608 	114 	70 	0 	0 	0 	0 	0 	0 	0 	0 	0 	0 	0 	0 	0 	0 	0 	0 	570 	540 	9 	26 		
#record	54 	141 	108 	80 	53 	125 	93 	1096 	233 	136 	620 	116 	72 	0 	0 	0 	0 	0 	0 	0 	0 	0 	0 	0 	0 	0 	0 	0 	0 	580 	549 	9 	26 		
#record	55 	144 	110 	81 	54 	128 	94 	1119 	238 	139 	633 	119 	74 	0 	0 	0 	0 	0 	0 	0 	0 	0 	0 	0 	0 	0 	0 	0 	0 	589 	558 	9 	27 		
#record	56 	147 	112 	83 	55 	130 	95 	1142 	243 	142 	645 	121 	76 	0 	0 	0 	0 	0 	0 	0 	0 	0 	0 	0 	0 	0 	0 	0 	0 	599 	567 	10 	27 		
#record	57 	149 	113 	84 	56 	132 	97 	1162 	247 	145 	662 	124 	77 	0 	0 	0 	0 	0 	0 	0 	0 	0 	0 	0 	0 	0 	0 	0 	0 	608 	576 	10 	28 		
#record	58 	151 	115 	85 	57 	134 	99 	1186 	252 	149 	674 	126 	79 	0 	0 	0 	0 	0 	0 	0 	0 	0 	0 	0 	0 	0 	0 	0 	0 	618 	585 	10 	28 		
#record	59 	153 	117 	87 	58 	136 	101 	1209 	256 	152 	686 	128 	81 	0 	0 	0 	0 	0 	0 	0 	0 	0 	0 	0 	0 	0 	0 	0 	0 	627 	594 	10 	29 		
#record	60 	156 	119 	88 	59 	139 	102 	1356 	261 	208 	773 	131 	114 	0 	0 	0 	0 	0 	0 	0 	0 	0 	0 	0 	0 	0 	0 	0 	0 	637 	603 	10 	29 		
#record	61 	158 	121 	90 	60 	141 	104 	1373 	267 	214 	780 	133 	118 	0 	0 	0 	0 	0 	0 	0 	0 	0 	0 	0 	0 	0 	0 	0 	0 	646 	612 	10 	30 		
#record	62 	160 	123 	91 	61 	143 	105 	1386 	271 	220 	790 	136 	121 	0 	0 	0 	0 	0 	0 	0 	0 	0 	0 	0 	0 	0 	0 	0 	0 	656 	621 	11 	30 		
#record	63 	162 	125 	92 	62 	145 	107 	1401 	277 	226 	800 	139 	124 	0 	0 	0 	0 	0 	0 	0 	0 	0 	0 	0 	0 	0 	0 	0 	0 	665 	630 	11 	31 		
#record	64 	164 	127 	94 	63 	147 	109 	1414 	282 	231 	806 	141 	127 	0 	0 	0 	0 	0 	0 	0 	0 	0 	0 	0 	0 	0 	0 	0 	0 	675 	639 	11 	31 		
#record	65 	168 	129 	95 	64 	150 	110 	1428 	287 	237 	816 	144 	130 	0 	0 	0 	0 	0 	0 	0 	0 	0 	0 	0 	0 	0 	0 	0 	0 	684 	648 	11 	32 		
#record	66 	170 	131 	97 	65 	152 	112 	1439 	292 	243 	825 	147 	133 	0 	0 	0 	0 	0 	0 	0 	0 	0 	0 	0 	0 	0 	0 	0 	0 	694 	657 	11 	32 		
#record	67 	172 	132 	98 	66 	154 	113 	1453 	297 	249 	834 	150 	137 	0 	0 	0 	0 	0 	0 	0 	0 	0 	0 	0 	0 	0 	0 	0 	0 	703 	666 	11 	33 		
#record	68 	174 	134 	99 	67 	156 	115 	1467 	303 	254 	838 	152 	140 	0 	0 	0 	0 	0 	0 	0 	0 	0 	0 	0 	0 	0 	0 	0 	0 	713 	675 	11 	33 		
#record	69 	176 	136 	101 	68 	158 	117 	1476 	308 	260 	847 	155 	143 	0 	0 	0 	0 	0 	0 	0 	0 	0 	0 	0 	0 	0 	0 	0 	0 	722 	684 	12 	34 		
#record	70 	179 	138 	102 	69 	161 	118 	1488 	313 	266 	854 	158 	146 	0 	0 	0 	0 	0 	0 	0 	0 	0 	0 	0 	0 	0 	0 	0 	0 	732 	693 	12 	34 		
#record	71 	181 	140 	104 	70 	163 	120 	1511 	318 	272 	867 	160 	149 	0 	0 	0 	0 	0 	0 	0 	0 	0 	0 	0 	0 	0 	0 	0 	0 	741 	702 	12 	35 		
#record	72 	183 	142 	105 	71 	165 	122 	1539 	324 	277 	883 	163 	152 	0 	0 	0 	0 	0 	0 	0 	0 	0 	0 	0 	0 	0 	0 	0 	0 	751 	711 	12 	35 		
#record	73 	185 	144 	106 	72 	167 	123 	1562 	328 	283 	900 	166 	156 	0 	0 	0 	0 	0 	0 	0 	0 	0 	0 	0 	0 	0 	0 	0 	0 	760 	720 	12 	36 		
#record	74 	187 	146 	108 	73 	169 	125 	1589 	334 	289 	912 	168 	159 	0 	0 	0 	0 	0 	0 	0 	0 	0 	0 	0 	0 	0 	0 	0 	0 	770 	729 	12 	36 		
#record	75 	191 	148 	109 	74 	172 	126 	1616 	339 	295 	929 	171 	162 	0 	0 	0 	0 	0 	0 	0 	0 	0 	0 	0 	0 	0 	0 	0 	0 	779 	738 	13 	37 		
#record	76 	193 	149 	111 	75 	174 	128 	1639 	344 	300 	945 	174 	165 	0 	0 	0 	0 	0 	0 	0 	0 	0 	0 	0 	0 	0 	0 	0 	0 	789 	747 	13 	37 		
#record	77 	195 	151 	112 	76 	176 	130 	1667 	350 	306 	961 	177 	168 	0 	0 	0 	0 	0 	0 	0 	0 	0 	0 	0 	0 	0 	0 	0 	0 	798 	756 	13 	38 		
#record	78 	197 	153 	113 	77 	178 	131 	1690 	354 	312 	974 	179 	171 	0 	0 	0 	0 	0 	0 	0 	0 	0 	0 	0 	0 	0 	0 	0 	0 	808 	765 	13 	38 		
#record	79 	199 	155 	115 	78 	180 	133 	1717 	360 	318 	990 	182 	175 	0 	0 	0 	0 	0 	0 	0 	0 	0 	0 	0 	0 	0 	0 	0 	0 	817 	774 	13 	39 		
#record	80 	202 	157 	116 	79 	183 	134 	1740 	365 	324 	1006 	185 	178 	0 	0 	0 	0 	0 	0 	0 	0 	0 	0 	0 	0 	0 	0 	0 	0 	827 	783 	13 	39 		
#record	81 	204 	158 	118 	80 	185 	136 	1768 	370 	329 	1018 	187 	181 	0 	0 	0 	0 	0 	0 	0 	0 	0 	0 	0 	0 	0 	0 	0 	0 	836 	792 	14 	40 		
#record	82 	206 	161 	119 	81 	187 	138 	1791 	375 	335 	1035 	190 	184 	0 	0 	0 	0 	0 	0 	0 	0 	0 	0 	0 	0 	0 	0 	0 	0 	846 	801 	14 	40 		
#record	83 	208 	163 	120 	82 	189 	140 	1818 	381 	341 	1051 	193 	187 	0 	0 	0 	0 	0 	0 	0 	0 	0 	0 	0 	0 	0 	0 	0 	0 	855 	810 	14 	41 		
#record	84 	211 	165 	122 	83 	191 	141 	1845 	386 	347 	1064 	196 	190 	0 	0 	0 	0 	0 	0 	0 	0 	0 	0 	0 	0 	0 	0 	0 	0 	865 	819 	14 	41 		
#record	85 	214 	167 	123 	84 	194 	142 	1868 	391 	352 	1080 	198 	194 	0 	0 	0 	0 	0 	0 	0 	0 	0 	0 	0 	0 	0 	0 	0 	0 	874 	828 	14 	42 		
#record	86 	216 	168 	125 	85 	196 	144 	1895 	396 	358 	1097 	201 	197 	0 	0 	0 	0 	0 	0 	0 	0 	0 	0 	0 	0 	0 	0 	0 	0 	884 	837 	14 	42 		
#record	87 	218 	170 	126 	86 	198 	146 	1919 	401 	364 	1113 	204 	200 	0 	0 	0 	0 	0 	0 	0 	0 	0 	0 	0 	0 	0 	0 	0 	0 	893 	846 	14 	43 		
#record	88 	220 	172 	127 	87 	200 	148 	1945 	407 	370 	1126 	207 	203 	0 	0 	0 	0 	0 	0 	0 	0 	0 	0 	0 	0 	0 	0 	0 	0 	903 	855 	15 	43 		
#record	89 	222 	174 	129 	88 	202 	149 	1969 	411 	375 	1142 	209 	206 	0 	0 	0 	0 	0 	0 	0 	0 	0 	0 	0 	0 	0 	0 	0 	0 	912 	864 	15 	44 		
#record	90 	225 	176 	130 	89 	205 	150 	1996 	417 	381 	1158 	212 	209 	0 	0 	0 	0 	0 	0 	0 	0 	0 	0 	0 	0 	0 	0 	0 	0 	922 	873 	15 	44 		
#record	91 	227 	177 	132 	90 	207 	152 	2020 	422 	387 	1170 	215 	213 	0 	0 	0 	0 	0 	0 	0 	0 	0 	0 	0 	0 	0 	0 	0 	0 	931 	882 	15 	45 		
#record	92 	229 	180 	133 	91 	209 	154 	2046 	427 	393 	1187 	218 	216 	0 	0 	0 	0 	0 	0 	0 	0 	0 	0 	0 	0 	0 	0 	0 	0 	941 	891 	15 	45 		
#record	93 	232 	182 	134 	92 	211 	156 	2073 	433 	398 	1203 	220 	219 	0 	0 	0 	0 	0 	0 	0 	0 	0 	0 	0 	0 	0 	0 	0 	0 	950 	900 	15 	46 		
#record	94 	234 	184 	136 	93 	213 	158 	2097 	437 	404 	1216 	223 	222 	0 	0 	0 	0 	0 	0 	0 	0 	0 	0 	0 	0 	0 	0 	0 	0 	960 	909 	16 	46 		
#record	95 	237 	185 	137 	94 	216 	158 	2124 	443 	410 	1232 	226 	225 	0 	0 	0 	0 	0 	0 	0 	0 	0 	0 	0 	0 	0 	0 	0 	0 	969 	918 	16 	47 		
#record	96 	239 	187 	139 	95 	218 	160 	2147 	448 	416 	1249 	229 	228 	0 	0 	0 	0 	0 	0 	0 	0 	0 	0 	0 	0 	0 	0 	0 	0 	979 	927 	16 	47 		
#record	97 	241 	189 	140 	96 	220 	162 	2174 	453 	421 	1265 	231 	232 	0 	0 	0 	0 	0 	0 	0 	0 	0 	0 	0 	0 	0 	0 	0 	0 	988 	936 	16 	48 		
#record	98 	243 	191 	141 	97 	222 	164 	2197 	458 	427 	1278 	234 	235 	0 	0 	0 	0 	0 	0 	0 	0 	0 	0 	0 	0 	0 	0 	0 	0 	998 	945 	16 	48 		
#record	99 	245 	193 	143 	98 	224 	166 	2225 	464 	433 	1294 	237 	238 	0 	0 	0 	0 	0 	0 	0 	0 	0 	0 	0 	0 	0 	0 	0 	0 	1007 	954 	16 	49 		
#record	100 	248 	194 	144 	99 	232 	172 	2252 	469 	439 	1310 	240 	241 	0 	0 	0 	0 	0 	0 	0 	0 	0 	0 	0 	0 	0 	0 	0 	0 	1017 	963 	17 	49 		
#record	101 	250 	196 	146 	100 	234 	173 	2275 	474 	444 	1322 	242 	244 	0 	0 	0 	0 	0 	0 	0 	0 	0 	0 	0 	0 	0 	0 	0 	0 	1026 	972 	17 	50 		
#record	102 	253 	199 	147 	101 	236 	175 	2302 	479 	450 	1338 	245 	247 	0 	0 	0 	0 	0 	0 	0 	0 	0 	0 	0 	0 	0 	0 	0 	0 	1036 	981 	17 	50 		
#record	103 	255 	201 	148 	102 	238 	177 	2325 	484 	456 	1355 	248 	251 	0 	0 	0 	0 	0 	0 	0 	0 	0 	0 	0 	0 	0 	0 	0 	0 	1045 	990 	17 	51 		
#record	104 	257 	203 	150 	103 	240 	179 	2353 	490 	462 	1367 	250 	254 	0 	0 	0 	0 	0 	0 	0 	0 	0 	0 	0 	0 	0 	0 	0 	0 	1055 	999 	17 	51 		
#record	105 	260 	204 	151 	104 	243 	180 	2376 	494 	468 	1384 	253 	257 	0 	0 	0 	0 	0 	0 	0 	0 	0 	0 	0 	0 	0 	0 	0 	0 	1064 	1008 	17 	52 		
#record	106 	262 	206 	153 	105 	245 	181 	2403 	500 	473 	1400 	256 	260 	0 	0 	0 	0 	0 	0 	0 	0 	0 	0 	0 	0 	0 	0 	0 	0 	1074 	1017 	17 	52 		
#record	107 	264 	208 	154 	106 	247 	183 	2426 	505 	479 	1417 	259 	263 	0 	0 	0 	0 	0 	0 	0 	0 	0 	0 	0 	0 	0 	0 	0 	0 	1083 	1026 	18 	53 		
#record	108 	266 	210 	155 	107 	249 	185 	2454 	510 	485 	1429 	261 	266 	0 	0 	0 	0 	0 	0 	0 	0 	0 	0 	0 	0 	0 	0 	0 	0 	1093 	1035 	18 	53 		
#record	109 	268 	212 	157 	108 	251 	187 	2480 	516 	491 	1446 	264 	270 	0 	0 	0 	0 	0 	0 	0 	0 	0 	0 	0 	0 	0 	0 	0 	0 	1102 	1044 	18 	54 		
#record	110 	271 	213 	158 	109 	254 	188 	2504 	521 	496 	1462 	267 	273 	0 	0 	0 	0 	0 	0 	0 	0 	0 	0 	0 	0 	0 	0 	0 	0 	1112 	1053 	18 	54 		
#record	111 	274 	215 	160 	110 	256 	190 	2531 	526 	502 	1474 	269 	276 	0 	0 	0 	0 	0 	0 	0 	0 	0 	0 	0 	0 	0 	0 	0 	0 	1121 	1062 	18 	55 		
#record	112 	276 	218 	161 	111 	258 	191 	2554 	531 	508 	1490 	272 	279 	0 	0 	0 	0 	0 	0 	0 	0 	0 	0 	0 	0 	0 	0 	0 	0 	1131 	1071 	18 	55 		
#record	113 	278 	220 	162 	112 	260 	193 	2581 	536 	514 	1507 	275 	282 	0 	0 	0 	0 	0 	0 	0 	0 	0 	0 	0 	0 	0 	0 	0 	0 	1140 	1080 	19 	56 		
#record	114 	280 	221 	164 	113 	262 	195 	2605 	541 	519 	1519 	277 	285 	0 	0 	0 	0 	0 	0 	0 	0 	0 	0 	0 	0 	0 	0 	0 	0 	1150 	1089 	19 	56 		
#record	115 	283 	223 	165 	114 	265 	196 	2631 	547 	525 	1536 	280 	289 	0 	0 	0 	0 	0 	0 	0 	0 	0 	0 	0 	0 	0 	0 	0 	0 	1159 	1098 	19 	57 		
#record	116 	285 	225 	167 	115 	267 	198 	2655 	551 	531 	1552 	283 	292 	0 	0 	0 	0 	0 	0 	0 	0 	0 	0 	0 	0 	0 	0 	0 	0 	1169 	1107 	19 	57 		
#record	117 	287 	227 	168 	116 	269 	199 	2682 	557 	537 	1569 	286 	295 	0 	0 	0 	0 	0 	0 	0 	0 	0 	0 	0 	0 	0 	0 	0 	0 	1178 	1116 	19 	58 		
#record	118 	289 	229 	169 	117 	271 	201 	2709 	562 	542 	1581 	288 	298 	0 	0 	0 	0 	0 	0 	0 	0 	0 	0 	0 	0 	0 	0 	0 	0 	1188 	1125 	19 	58 		
#record	119 	291 	230 	171 	118 	273 	203 	2732 	567 	548 	1598 	291 	301 	0 	0 	0 	0 	0 	0 	0 	0 	0 	0 	0 	0 	0 	0 	0 	0 	1197 	1134 	20 	59 		
#record	120 	295 	232 	172 	119 	276 	204 	2759 	573 	554 	1775 	294 	304 	0 	0 	0 	0 	0 	0 	0 	0 	0 	0 	0 	0 	0 	0 	0 	0 	1207 	1143 	20 	60 		
#record	121 	297 	234 	174 	120 	278 	206 	2783 	577 	560 	1789 	296 	308 	0 	0 	0 	0 	0 	0 	0 	0 	0 	0 	0 	0 	0 	0 	0 	0 	1216 	1152 	20 	60 		
#record	122 	299 	237 	175 	121 	280 	208 	2810 	583 	565 	1807 	299 	311 	0 	0 	0 	0 	0 	0 	0 	0 	0 	0 	0 	0 	0 	0 	0 	0 	1226 	1161 	20 	61 		
#record	123 	301 	239 	176 	122 	282 	209 	2833 	588 	571 	1825 	302 	314 	0 	0 	0 	0 	0 	0 	0 	0 	0 	0 	0 	0 	0 	0 	0 	0 	1235 	1170 	20 	61 		
#record	124 	303 	240 	178 	123 	284 	211 	2860 	593 	577 	1838 	304 	317 	0 	0 	0 	0 	0 	0 	0 	0 	0 	0 	0 	0 	0 	0 	0 	0 	1245 	1179 	20 	62 		
#record	125 	306 	242 	179 	124 	287 	212 	2888 	599 	583 	1857 	307 	320 	0 	0 	0 	0 	0 	0 	0 	0 	0 	0 	0 	0 	0 	0 	0 	0 	1254 	1188 	21 	62 		
#record	126 	308 	244 	181 	125 	289 	214 	2911 	604 	588 	1874 	310 	323 	0 	0 	0 	0 	0 	0 	0 	0 	0 	0 	0 	0 	0 	0 	0 	0 	1264 	1197 	21 	63 		
#record	127 	310 	246 	182 	126 	291 	216 	2938 	609 	594 	1892 	313 	327 	0 	0 	0 	0 	0 	0 	0 	0 	0 	0 	0 	0 	0 	0 	0 	0 	1273 	1206 	21 	63 		
#record	128 	312 	248 	183 	127 	293 	217 	2961 	614 	600 	1906 	315 	330 	0 	0 	0 	0 	0 	0 	0 	0 	0 	0 	0 	0 	0 	0 	0 	0 	1283 	1215 	21 	64 		
#record	129 	315 	249 	185 	128 	295 	219 	2988 	619 	606 	1924 	318 	333 	0 	0 	0 	0 	0 	0 	0 	0 	0 	0 	0 	0 	0 	0 	0 	0 	1292 	1224 	21 	64 		
#record	130 	318 	251 	186 	129 	298 	220 	3011 	624 	612 	1942 	321 	336 	0 	0 	0 	0 	0 	0 	0 	0 	0 	0 	0 	0 	0 	0 	0 	0 	1302 	1233 	21 	65 		
#record	131 	320 	253 	188 	130 	300 	222 	3039 	630 	617 	1955 	323 	339 	0 	0 	0 	0 	0 	0 	0 	0 	0 	0 	0 	0 	0 	0 	0 	0 	1311 	1242 	21 	65 		
#record	132 	322 	256 	189 	131 	302 	224 	3062 	634 	623 	1974 	326 	342 	0 	0 	0 	0 	0 	0 	0 	0 	0 	0 	0 	0 	0 	0 	0 	0 	1321 	1251 	22 	66 		
#record	133 	324 	257 	190 	132 	304 	226 	3089 	640 	629 	1991 	329 	346 	0 	0 	0 	0 	0 	0 	0 	0 	0 	0 	0 	0 	0 	0 	0 	0 	1330 	1260 	22 	66 		
#record	134 	326 	259 	192 	133 	306 	227 	3116 	645 	635 	2006 	331 	349 	0 	0 	0 	0 	0 	0 	0 	0 	0 	0 	0 	0 	0 	0 	0 	0 	1340 	1269 	22 	67 		
#record	135 	329 	261 	193 	134 	309 	228 	3140 	650 	640 	2023 	334 	352 	0 	0 	0 	0 	0 	0 	0 	0 	0 	0 	0 	0 	0 	0 	0 	0 	1349 	1278 	22 	67 		
#record	136 	331 	263 	195 	135 	311 	230 	3166 	656 	646 	2042 	337 	355 	0 	0 	0 	0 	0 	0 	0 	0 	0 	0 	0 	0 	0 	0 	0 	0 	1359 	1287 	22 	68 		
#record	137 	333 	265 	196 	136 	313 	232 	3190 	661 	652 	2059 	340 	358 	0 	0 	0 	0 	0 	0 	0 	0 	0 	0 	0 	0 	0 	0 	0 	0 	1368 	1296 	22 	68 		
#record	138 	336 	266 	197 	137 	315 	234 	3217 	666 	658 	2073 	342 	361 	0 	0 	0 	0 	0 	0 	0 	0 	0 	0 	0 	0 	0 	0 	0 	0 	1378 	1305 	23 	69 		
#record	139 	338 	268 	199 	138 	317 	235 	3240 	671 	663 	2091 	345 	365 	0 	0 	0 	0 	0 	0 	0 	0 	0 	0 	0 	0 	0 	0 	0 	0 	1387 	1314 	23 	69 		
#record	140 	341 	270 	200 	139 	320 	236 	3267 	676 	669 	2109 	348 	368 	0 	0 	0 	0 	0 	0 	0 	0 	0 	0 	0 	0 	0 	0 	0 	0 	1397 	1323 	23 	70 		
#record	141 	343 	272 	202 	140 	322 	238 	3291 	681 	675 	2123 	350 	371 	0 	0 	0 	0 	0 	0 	0 	0 	0 	0 	0 	0 	0 	0 	0 	0 	1406 	1332 	23 	70 		
#record	142 	345 	275 	203 	141 	324 	240 	3317 	687 	681 	2141 	353 	374 	0 	0 	0 	0 	0 	0 	0 	0 	0 	0 	0 	0 	0 	0 	0 	0 	1416 	1341 	23 	71 		
#record	143 	347 	276 	204 	142 	326 	242 	3345 	692 	686 	2159 	356 	377 	0 	0 	0 	0 	0 	0 	0 	0 	0 	0 	0 	0 	0 	0 	0 	0 	1425 	1350 	23 	71 		
#record	144 	349 	278 	206 	143 	328 	244 	3368 	697 	692 	2173 	358 	380 	0 	0 	0 	0 	0 	0 	0 	0 	0 	0 	0 	0 	0 	0 	0 	0 	1435 	1359 	24 	72 		
#record	145 	352 	280 	207 	144 	331 	244 	3395 	702 	698 	2190 	361 	384 	0 	0 	0 	0 	0 	0 	0 	0 	0 	0 	0 	0 	0 	0 	0 	0 	1444 	1368 	24 	72 		
#record	146 	354 	282 	209 	145 	333 	246 	3418 	707 	704 	2209 	364 	387 	0 	0 	0 	0 	0 	0 	0 	0 	0 	0 	0 	0 	0 	0 	0 	0 	1454 	1377 	24 	73 		
#record	147 	357 	284 	210 	146 	335 	248 	3445 	713 	709 	2226 	367 	390 	0 	0 	0 	0 	0 	0 	0 	0 	0 	0 	0 	0 	0 	0 	0 	0 	1463 	1386 	24 	73 		
#record	148 	359 	285 	211 	147 	337 	250 	3469 	717 	715 	2240 	369 	393 	0 	0 	0 	0 	0 	0 	0 	0 	0 	0 	0 	0 	0 	0 	0 	0 	1473 	1395 	24 	74 		
#record	149 	361 	287 	213 	148 	339 	252 	3496 	723 	721 	2258 	372 	396 	0 	0 	0 	0 	0 	0 	0 	0 	0 	0 	0 	0 	0 	0 	0 	0 	1482 	1404 	24 	74 		
#record	150 	364 	289 	214 	149 	342 	253 	3523 	729 	727 	2277 	375 	399 	0 	0 	0 	0 	0 	0 	0 	0 	0 	0 	0 	0 	0 	0 	0 	0 	1492 	1413 	24 	75 		
																																			
#end																																			
