
#ignore	\o042			
#exchange	#	\x20		

#table	Param																																
#columntype	Dword	Dword	Dword	Dword	Dword	Dword	Dword	Dword	Dword	Dword	Dword	Dword	Dword	Dword	Dword	Dword	Dword	Dword	Dword	Dword	Dword	Dword	Dword	Dword	Dword	Dword	Dword	Dword	Dword	Word	Word	DWord	DWord
#columnname	Level	Strength	Constitution	Intelligence	Wizdom	Dexterity	MentalPower	SoulHP	MAXSoulHP	PriceHPStone	SoulSP	MAXSoulSP	PriceSPStone	AtkPerAP	DmgPerAP	MaxPwrStone	NumPwrStone	PricePwrStone	PwrStoneWC	PwrStoneMA	MaxGrdStone	NumGrdStone	PriceGrdStone	GrdStoneAC	GrdStoneMR	PainRes	RestraintRes	CurseRes	ShockRes	MaxHP	MaxSP	CharTitlePt	SkillPwrPt
#record	1 	10 	8 	8 	0 	15 	9 	32 	13 	3 	20 	11 	2 	0 	0 	0 	0 	0 	0 	0 	0 	0 	0 	0 	0 	0 	0 	0 	0 	72 	76 	1 	0 
#record	2 	11 	9 	9 	1 	16 	10 	36 	13 	4 	31 	12 	2 	0 	0 	0 	0 	0 	0 	0 	0 	0 	0 	0 	0 	0 	0 	0 	0 	81 	86 	1 	0 
#record	3 	12 	10 	10 	2 	17 	10 	47 	14 	5 	47 	13 	3 	0 	0 	0 	0 	0 	0 	0 	0 	0 	0 	0 	0 	0 	0 	0 	0 	90 	95 	1 	1 
#record	4 	14 	11 	11 	3 	19 	12 	55 	15 	6 	58 	14 	4 	0 	0 	0 	0 	0 	0 	0 	0 	0 	0 	0 	0 	0 	0 	0 	0 	99 	105 	1 	1 
#record	5 	16 	13 	13 	4 	21 	13 	68 	16 	7 	70 	15 	4 	0 	0 	0 	0 	0 	0 	0 	0 	0 	0 	0 	0 	0 	0 	0 	0 	108 	114 	1 	2 
#record	6 	18 	14 	14 	5 	23 	15 	79 	17 	8 	86 	17 	5 	0 	0 	0 	0 	0 	0 	0 	0 	0 	0 	0 	0 	0 	0 	0 	0 	117 	124 	2 	2 
#record	7 	20 	16 	16 	6 	25 	17 	89 	18 	9 	97 	18 	6 	0 	0 	0 	0 	0 	0 	0 	0 	0 	0 	0 	0 	0 	0 	0 	0 	126 	133 	2 	3 
#record	8 	22 	17 	18 	7 	27 	19 	104 	19 	10 	109 	19 	7 	0 	0 	0 	0 	0 	0 	0 	0 	0 	0 	0 	0 	0 	0 	0 	0 	135 	143 	2 	3 
#record	9 	23 	19 	19 	8 	29 	21 	114 	20 	11 	124 	20 	7 	0 	0 	0 	0 	0 	0 	0 	0 	0 	0 	0 	0 	0 	0 	0 	0 	144 	152 	2 	4 
#record	10 	26 	20 	21 	9 	31 	22 	129 	22 	12 	136 	21 	8 	0 	0 	0 	0 	0 	0 	0 	0 	0 	0 	0 	0 	0 	0 	0 	0 	153 	162 	2 	4 
#record	11 	28 	22 	22 	10 	33 	24 	139 	23 	13 	148 	22 	9 	0 	0 	0 	0 	0 	0 	0 	0 	0 	0 	0 	0 	0 	0 	0 	0 	162 	171 	2 	5 
#record	12 	30 	24 	24 	11 	35 	26 	150 	24 	14 	163 	23 	9 	0 	0 	0 	0 	0 	0 	0 	0 	0 	0 	0 	0 	0 	0 	0 	0 	171 	181 	3 	5 
#record	13 	32 	26 	26 	12 	37 	28 	164 	25 	15 	175 	24 	10 	0 	0 	0 	0 	0 	0 	0 	0 	0 	0 	0 	0 	0 	0 	0 	0 	180 	190 	3 	6 
#record	14 	33 	27 	27 	13 	39 	29 	175 	26 	16 	186 	25 	11 	0 	0 	0 	0 	0 	0 	0 	0 	0 	0 	0 	0 	0 	0 	0 	0 	189 	200 	3 	6 
#record	15 	36 	29 	29 	14 	41 	30 	189 	28 	17 	202 	26 	12 	0 	0 	0 	0 	0 	0 	0 	0 	0 	0 	0 	0 	0 	0 	0 	0 	198 	209 	3 	7 
#record	16 	38 	30 	30 	15 	43 	32 	200 	29 	18 	214 	27 	12 	0 	0 	0 	0 	0 	0 	0 	0 	0 	0 	0 	0 	0 	0 	0 	0 	207 	219 	3 	7 
#record	17 	40 	32 	32 	16 	45 	34 	211 	30 	19 	225 	28 	13 	0 	0 	0 	0 	0 	0 	0 	0 	0 	0 	0 	0 	0 	0 	0 	0 	216 	228 	3 	8 
#record	18 	41 	33 	34 	17 	47 	36 	225 	31 	20 	241 	30 	14 	0 	0 	0 	0 	0 	0 	0 	0 	0 	0 	0 	0 	0 	0 	0 	0 	225 	238 	4 	8 
#record	19 	43 	35 	35 	18 	49 	38 	236 	32 	21 	252 	31 	14 	0 	0 	0 	0 	0 	0 	0 	0 	0 	0 	0 	0 	0 	0 	0 	0 	234 	247 	4 	9 
#record	20 	46 	36 	37 	19 	51 	39 	292 	46 	24 	313 	32 	16 	0 	0 	0 	0 	0 	0 	0 	0 	0 	0 	0 	0 	0 	0 	0 	0 	243 	257 	4 	9 
#record	21 	48 	38 	38 	20 	53 	41 	307 	48 	27 	329 	34 	19 	0 	0 	0 	0 	0 	0 	0 	0 	0 	0 	0 	0 	0 	0 	0 	0 	252 	266 	4 	10 
#record	22 	50 	40 	40 	21 	55 	43 	321 	55 	27 	341 	35 	21 	0 	0 	0 	0 	0 	0 	0 	0 	0 	0 	0 	0 	0 	0 	0 	0 	261 	276 	4 	10 
#record	23 	51 	41 	42 	22 	57 	45 	335 	58 	28 	356 	37 	23 	0 	0 	0 	0 	0 	0 	0 	0 	0 	0 	0 	0 	0 	0 	0 	0 	270 	285 	4 	11 
#record	24 	53 	43 	43 	23 	59 	47 	344 	67 	28 	371 	38 	25 	0 	0 	0 	0 	0 	0 	0 	0 	0 	0 	0 	0 	0 	0 	0 	0 	279 	295 	4 	11 
#record	25 	56 	44 	45 	24 	61 	48 	356 	70 	31 	380 	40 	27 	0 	0 	0 	0 	0 	0 	0 	0 	0 	0 	0 	0 	0 	0 	0 	0 	288 	304 	5 	12 
#record	26 	58 	46 	46 	25 	63 	49 	368 	73 	33 	393 	41 	29 	0 	0 	0 	0 	0 	0 	0 	0 	0 	0 	0 	0 	0 	0 	0 	0 	297 	314 	5 	12 
#record	27 	59 	47 	48 	26 	65 	51 	378 	86 	36 	405 	81 	31 	0 	0 	0 	0 	0 	0 	0 	0 	0 	0 	0 	0 	0 	0 	0 	0 	306 	323 	5 	13 
#record	28 	61 	49 	50 	27 	67 	53 	392 	90 	38 	417 	84 	33 	0 	0 	0 	0 	0 	0 	0 	0 	0 	0 	0 	0 	0 	0 	0 	0 	315 	333 	5 	13 
#record	29 	63 	50 	51 	28 	69 	55 	407 	92 	40 	436 	87 	36 	0 	0 	0 	0 	0 	0 	0 	0 	0 	0 	0 	0 	0 	0 	0 	0 	324 	342 	5 	14 
#record	30 	66 	52 	53 	29 	71 	56 	424 	96 	43 	456 	91 	38 	0 	0 	0 	0 	0 	0 	0 	0 	0 	0 	0 	0 	0 	0 	0 	0 	333 	352 	5 	14 
#record	31 	68 	53 	54 	30 	73 	58 	442 	100 	45 	476 	94 	40 	0 	0 	0 	0 	0 	0 	0 	0 	0 	0 	0 	0 	0 	0 	0 	0 	342 	361 	6 	15 
#record	32 	69 	56 	56 	31 	75 	60 	460 	103 	48 	491 	97 	42 	0 	0 	0 	0 	0 	0 	0 	0 	0 	0 	0 	0 	0 	0 	0 	0 	351 	371 	6 	15 
#record	33 	71 	57 	58 	32 	77 	62 	478 	107 	50 	511 	101 	44 	0 	0 	0 	0 	0 	0 	0 	0 	0 	0 	0 	0 	0 	0 	0 	0 	360 	380 	6 	16 
#record	34 	73 	59 	59 	33 	79 	64 	492 	110 	52 	530 	104 	46 	0 	0 	0 	0 	0 	0 	0 	0 	0 	0 	0 	0 	0 	0 	0 	0 	369 	390 	6 	16 
#record	35 	76 	60 	61 	34 	81 	65 	510 	114 	55 	546 	107 	48 	0 	0 	0 	0 	0 	0 	0 	0 	0 	0 	0 	0 	0 	0 	0 	0 	378 	399 	6 	17 
#record	36 	77 	62 	62 	35 	83 	67 	528 	117 	57 	565 	110 	50 	0 	0 	0 	0 	0 	0 	0 	0 	0 	0 	0 	0 	0 	0 	0 	0 	387 	409 	6 	17 
#record	37 	79 	63 	64 	36 	85 	68 	545 	121 	60 	585 	114 	53 	0 	0 	0 	0 	0 	0 	0 	0 	0 	0 	0 	0 	0 	0 	0 	0 	396 	418 	7 	18 
#record	38 	81 	65 	66 	37 	87 	70 	563 	124 	62 	601 	117 	55 	0 	0 	0 	0 	0 	0 	0 	0 	0 	0 	0 	0 	0 	0 	0 	0 	405 	428 	7 	18 
#record	39 	83 	66 	67 	38 	89 	72 	577 	127 	64 	620 	120 	57 	0 	0 	0 	0 	0 	0 	0 	0 	0 	0 	0 	0 	0 	0 	0 	0 	414 	437 	7 	19 
#record	40 	86 	68 	69 	39 	91 	73 	595 	131 	67 	640 	124 	59 	0 	0 	0 	0 	0 	0 	0 	0 	0 	0 	0 	0 	0 	0 	0 	0 	423 	447 	7 	19 
#record	41 	87 	69 	70 	40 	93 	75 	613 	135 	69 	659 	127 	61 	0 	0 	0 	0 	0 	0 	0 	0 	0 	0 	0 	0 	0 	0 	0 	0 	432 	456 	7 	20 
#record	42 	89 	71 	72 	41 	95 	77 	631 	138 	72 	675 	130 	63 	0 	0 	0 	0 	0 	0 	0 	0 	0 	0 	0 	0 	0 	0 	0 	0 	441 	466 	7 	20 
#record	43 	91 	73 	74 	42 	97 	79 	648 	142 	74 	695 	134 	65 	0 	0 	0 	0 	0 	0 	0 	0 	0 	0 	0 	0 	0 	0 	0 	0 	450 	475 	7 	21 
#record	44 	93 	74 	75 	43 	99 	81 	663 	145 	76 	714 	137 	67 	0 	0 	0 	0 	0 	0 	0 	0 	0 	0 	0 	0 	0 	0 	0 	0 	459 	485 	8 	21 
#record	45 	95 	76 	77 	44 	101 	82 	680 	148 	79 	730 	140 	69 	0 	0 	0 	0 	0 	0 	0 	0 	0 	0 	0 	0 	0 	0 	0 	0 	468 	494 	8 	22 
#record	46 	97 	77 	78 	45 	103 	84 	698 	152 	81 	749 	143 	72 	0 	0 	0 	0 	0 	0 	0 	0 	0 	0 	0 	0 	0 	0 	0 	0 	477 	504 	8 	22 
#record	47 	99 	79 	80 	46 	105 	86 	716 	156 	84 	769 	147 	74 	0 	0 	0 	0 	0 	0 	0 	0 	0 	0 	0 	0 	0 	0 	0 	0 	486 	513 	8 	23 
#record	48 	101 	80 	82 	47 	107 	87 	734 	159 	86 	785 	150 	76 	0 	0 	0 	0 	0 	0 	0 	0 	0 	0 	0 	0 	0 	0 	0 	0 	495 	523 	8 	23 
#record	49 	103 	82 	83 	48 	109 	89 	751 	163 	88 	804 	153 	78 	0 	0 	0 	0 	0 	0 	0 	0 	0 	0 	0 	0 	0 	0 	0 	0 	504 	532 	8 	24 
#record	50 	105 	83 	85 	49 	111 	90 	766 	166 	91 	824 	157 	80 	0 	0 	0 	0 	0 	0 	0 	0 	0 	0 	0 	0 	0 	0 	0 	0 	513 	542 	9 	24 
#record	51 	107 	85 	86 	50 	113 	92 	783 	169 	105 	843 	160 	94 	0 	0 	0 	0 	0 	0 	0 	0 	0 	0 	0 	0 	0 	0 	0 	0 	522 	551 	9 	25 
#record	52 	109 	87 	88 	51 	115 	94 	801 	173 	108 	859 	163 	96 	0 	0 	0 	0 	0 	0 	0 	0 	0 	0 	0 	0 	0 	0 	0 	0 	531 	561 	9 	25 
#record	53 	111 	89 	90 	52 	117 	96 	819 	177 	110 	879 	166 	99 	0 	0 	0 	0 	0 	0 	0 	0 	0 	0 	0 	0 	0 	0 	0 	0 	540 	570 	9 	26 
#record	54 	113 	90 	91 	53 	119 	98 	837 	180 	113 	898 	170 	101 	0 	0 	0 	0 	0 	0 	0 	0 	0 	0 	0 	0 	0 	0 	0 	0 	549 	580 	9 	26 
#record	55 	115 	92 	93 	54 	121 	99 	851 	183 	116 	914 	173 	104 	0 	0 	0 	0 	0 	0 	0 	0 	0 	0 	0 	0 	0 	0 	0 	0 	558 	589 	9 	27 
#record	56 	117 	93 	94 	55 	123 	101 	869 	187 	118 	933 	176 	106 	0 	0 	0 	0 	0 	0 	0 	0 	0 	0 	0 	0 	0 	0 	0 	0 	567 	599 	10 	27 
#record	57 	119 	95 	96 	56 	125 	103 	887 	190 	121 	953 	180 	109 	0 	0 	0 	0 	0 	0 	0 	0 	0 	0 	0 	0 	0 	0 	0 	0 	576 	608 	10 	28 
#record	58 	121 	96 	98 	57 	127 	105 	904 	194 	124 	969 	182 	111 	0 	0 	0 	0 	0 	0 	0 	0 	0 	0 	0 	0 	0 	0 	0 	0 	585 	618 	10 	28 
#record	59 	122 	98 	99 	58 	129 	106 	922 	198 	126 	988 	186 	113 	0 	0 	0 	0 	0 	0 	0 	0 	0 	0 	0 	0 	0 	0 	0 	0 	594 	627 	10 	29 
#record	60 	125 	99 	101 	59 	131 	107 	1034 	201 	174 	1113 	190 	161 	0 	0 	0 	0 	0 	0 	0 	0 	0 	0 	0 	0 	0 	0 	0 	0 	603 	637 	10 	29 
#record	61 	127 	101 	102 	60 	133 	109 	1048 	206 	178 	1124 	194 	165 	0 	0 	0 	0 	0 	0 	0 	0 	0 	0 	0 	0 	0 	0 	0 	0 	612 	646 	10 	30 
#record	62 	129 	103 	104 	61 	135 	111 	1057 	209 	183 	1135 	197 	169 	0 	0 	0 	0 	0 	0 	0 	0 	0 	0 	0 	0 	0 	0 	0 	0 	621 	656 	11 	30 
#record	63 	131 	104 	106 	62 	137 	113 	1070 	214 	188 	1150 	201 	174 	0 	0 	0 	0 	0 	0 	0 	0 	0 	0 	0 	0 	0 	0 	0 	0 	630 	665 	11 	31 
#record	64 	132 	106 	107 	63 	139 	115 	1079 	217 	193 	1160 	205 	178 	0 	0 	0 	0 	0 	0 	0 	0 	0 	0 	0 	0 	0 	0 	0 	0 	639 	675 	11 	31 
#record	65 	135 	107 	109 	64 	141 	116 	1091 	222 	198 	1170 	208 	183 	0 	0 	0 	0 	0 	0 	0 	0 	0 	0 	0 	0 	0 	0 	0 	0 	648 	684 	11 	32 
#record	66 	137 	109 	110 	65 	143 	118 	1099 	225 	202 	1183 	213 	187 	0 	0 	0 	0 	0 	0 	0 	0 	0 	0 	0 	0 	0 	0 	0 	0 	657 	694 	11 	32 
#record	67 	139 	110 	112 	66 	145 	120 	1111 	230 	207 	1192 	216 	192 	0 	0 	0 	0 	0 	0 	0 	0 	0 	0 	0 	0 	0 	0 	0 	0 	666 	703 	11 	33 
#record	68 	140 	112 	114 	67 	147 	122 	1118 	233 	212 	1204 	220 	196 	0 	0 	0 	0 	0 	0 	0 	0 	0 	0 	0 	0 	0 	0 	0 	0 	675 	713 	11 	33 
#record	69 	142 	113 	115 	68 	149 	124 	1128 	238 	217 	1212 	224 	201 	0 	0 	0 	0 	0 	0 	0 	0 	0 	0 	0 	0 	0 	0 	0 	0 	684 	722 	12 	34 
#record	70 	145 	115 	117 	69 	151 	124 	1135 	241 	222 	1220 	227 	205 	0 	0 	0 	0 	0 	0 	0 	0 	0 	0 	0 	0 	0 	0 	0 	0 	693 	732 	12 	34 
#record	71 	147 	116 	118 	70 	153 	126 	1156 	245 	226 	1243 	232 	209 	0 	0 	0 	0 	0 	0 	0 	0 	0 	0 	0 	0 	0 	0 	0 	0 	702 	741 	12 	35 
#record	72 	149 	119 	120 	71 	155 	128 	1174 	249 	231 	1263 	235 	214 	0 	0 	0 	0 	0 	0 	0 	0 	0 	0 	0 	0 	0 	0 	0 	0 	711 	751 	12 	35 
#record	73 	150 	120 	122 	72 	157 	130 	1195 	253 	236 	1283 	239 	218 	0 	0 	0 	0 	0 	0 	0 	0 	0 	0 	0 	0 	0 	0 	0 	0 	720 	760 	12 	36 
#record	74 	152 	122 	123 	73 	159 	132 	1213 	257 	241 	1306 	243 	223 	0 	0 	0 	0 	0 	0 	0 	0 	0 	0 	0 	0 	0 	0 	0 	0 	729 	770 	12 	36 
#record	75 	155 	123 	125 	74 	161 	133 	1234 	261 	246 	1326 	246 	227 	0 	0 	0 	0 	0 	0 	0 	0 	0 	0 	0 	0 	0 	0 	0 	0 	738 	779 	13 	37 
#record	76 	157 	125 	126 	75 	163 	135 	1252 	265 	250 	1349 	250 	232 	0 	0 	0 	0 	0 	0 	0 	0 	0 	0 	0 	0 	0 	0 	0 	0 	747 	789 	13 	37 
#record	77 	158 	126 	128 	76 	165 	137 	1273 	269 	255 	1369 	254 	236 	0 	0 	0 	0 	0 	0 	0 	0 	0 	0 	0 	0 	0 	0 	0 	0 	756 	798 	13 	38 
#record	78 	160 	128 	130 	77 	167 	139 	1291 	273 	260 	1389 	257 	241 	0 	0 	0 	0 	0 	0 	0 	0 	0 	0 	0 	0 	0 	0 	0 	0 	765 	808 	13 	38 
#record	79 	162 	129 	131 	78 	169 	141 	1312 	277 	265 	1412 	262 	245 	0 	0 	0 	0 	0 	0 	0 	0 	0 	0 	0 	0 	0 	0 	0 	0 	774 	817 	13 	39 
#record	80 	165 	131 	133 	79 	171 	142 	1330 	281 	270 	1432 	265 	249 	0 	0 	0 	0 	0 	0 	0 	0 	0 	0 	0 	0 	0 	0 	0 	0 	783 	827 	13 	39 
#record	81 	167 	132 	134 	80 	173 	143 	1351 	285 	274 	1451 	269 	254 	0 	0 	0 	0 	0 	0 	0 	0 	0 	0 	0 	0 	0 	0 	0 	0 	792 	836 	14 	40 
#record	82 	168 	134 	136 	81 	175 	145 	1369 	289 	279 	1475 	273 	258 	0 	0 	0 	0 	0 	0 	0 	0 	0 	0 	0 	0 	0 	0 	0 	0 	801 	846 	14 	40 
#record	83 	170 	136 	138 	82 	177 	147 	1390 	293 	284 	1495 	276 	263 	0 	0 	0 	0 	0 	0 	0 	0 	0 	0 	0 	0 	0 	0 	0 	0 	810 	855 	14 	41 
#record	84 	172 	137 	139 	83 	179 	149 	1408 	297 	289 	1518 	281 	267 	0 	0 	0 	0 	0 	0 	0 	0 	0 	0 	0 	0 	0 	0 	0 	0 	819 	865 	14 	41 
#record	85 	175 	139 	141 	84 	181 	150 	1429 	301 	294 	1538 	284 	272 	0 	0 	0 	0 	0 	0 	0 	0 	0 	0 	0 	0 	0 	0 	0 	0 	828 	874 	14 	42 
#record	86 	176 	140 	142 	85 	183 	152 	1447 	305 	298 	1557 	288 	276 	0 	0 	0 	0 	0 	0 	0 	0 	0 	0 	0 	0 	0 	0 	0 	0 	837 	884 	14 	42 
#record	87 	178 	142 	144 	86 	185 	154 	1469 	309 	303 	1581 	292 	281 	0 	0 	0 	0 	0 	0 	0 	0 	0 	0 	0 	0 	0 	0 	0 	0 	846 	893 	14 	43 
#record	88 	180 	143 	146 	87 	187 	156 	1486 	313 	308 	1601 	295 	285 	0 	0 	0 	0 	0 	0 	0 	0 	0 	0 	0 	0 	0 	0 	0 	0 	855 	903 	15 	43 
#record	89 	182 	145 	147 	88 	189 	158 	1508 	317 	313 	1620 	299 	289 	0 	0 	0 	0 	0 	0 	0 	0 	0 	0 	0 	0 	0 	0 	0 	0 	864 	912 	15 	44 
#record	90 	185 	146 	149 	89 	191 	159 	1525 	321 	318 	1644 	303 	294 	0 	0 	0 	0 	0 	0 	0 	0 	0 	0 	0 	0 	0 	0 	0 	0 	873 	922 	15 	44 
#record	91 	186 	148 	150 	90 	193 	161 	1547 	325 	322 	1663 	307 	298 	0 	0 	0 	0 	0 	0 	0 	0 	0 	0 	0 	0 	0 	0 	0 	0 	882 	931 	15 	45 
#record	92 	188 	150 	152 	91 	195 	162 	1564 	329 	327 	1687 	311 	303 	0 	0 	0 	0 	0 	0 	0 	0 	0 	0 	0 	0 	0 	0 	0 	0 	891 	941 	15 	45 
#record	93 	190 	152 	154 	92 	197 	164 	1586 	333 	332 	1707 	314 	307 	0 	0 	0 	0 	0 	0 	0 	0 	0 	0 	0 	0 	0 	0 	0 	0 	900 	950 	15 	46 
#record	94 	192 	153 	155 	93 	199 	166 	1603 	337 	337 	1726 	318 	312 	0 	0 	0 	0 	0 	0 	0 	0 	0 	0 	0 	0 	0 	0 	0 	0 	909 	960 	16 	46 
#record	95 	194 	155 	157 	94 	201 	167 	1625 	341 	342 	1750 	322 	316 	0 	0 	0 	0 	0 	0 	0 	0 	0 	0 	0 	0 	0 	0 	0 	0 	918 	969 	16 	47 
#record	96 	196 	156 	158 	95 	203 	169 	1642 	345 	346 	1769 	325 	321 	0 	0 	0 	0 	0 	0 	0 	0 	0 	0 	0 	0 	0 	0 	0 	0 	927 	979 	16 	47 
#record	97 	198 	158 	160 	96 	205 	171 	1664 	349 	351 	1789 	329 	325 	0 	0 	0 	0 	0 	0 	0 	0 	0 	0 	0 	0 	0 	0 	0 	0 	936 	988 	16 	48 
#record	98 	200 	159 	162 	97 	207 	173 	1681 	353 	356 	1813 	333 	329 	0 	0 	0 	0 	0 	0 	0 	0 	0 	0 	0 	0 	0 	0 	0 	0 	945 	998 	16 	48 
#record	99 	202 	161 	163 	98 	209 	175 	1703 	357 	361 	1832 	337 	334 	0 	0 	0 	0 	0 	0 	0 	0 	0 	0 	0 	0 	0 	0 	0 	0 	954 	1007 	16 	49 
#record	100 	204 	162 	165 	99 	211 	176 	1724 	361 	366 	1856 	341 	338 	0 	0 	0 	0 	0 	0 	0 	0 	0 	0 	0 	0 	0 	0 	0 	0 	963 	1017 	17 	49 
#record	101 	206 	164 	166 	100 	213 	178 	1742 	365 	370 	1875 	344 	343 	0 	0 	0 	0 	0 	0 	0 	0 	0 	0 	0 	0 	0 	0 	0 	0 	972 	1026 	17 	50 
#record	102 	208 	166 	168 	101 	215 	180 	1763 	369 	375 	1895 	348 	347 	0 	0 	0 	0 	0 	0 	0 	0 	0 	0 	0 	0 	0 	0 	0 	0 	981 	1036 	17 	50 
#record	103 	210 	167 	170 	102 	217 	181 	1781 	373 	380 	1919 	352 	352 	0 	0 	0 	0 	0 	0 	0 	0 	0 	0 	0 	0 	0 	0 	0 	0 	990 	1045 	17 	51 
#record	104 	212 	169 	171 	103 	219 	183 	1802 	377 	385 	1938 	356 	356 	0 	0 	0 	0 	0 	0 	0 	0 	0 	0 	0 	0 	0 	0 	0 	0 	999 	1055 	17 	51 
#record	105 	214 	170 	173 	104 	221 	184 	1820 	381 	390 	1958 	359 	361 	0 	0 	0 	0 	0 	0 	0 	0 	0 	0 	0 	0 	0 	0 	0 	0 	1008 	1064 	17 	52 
#record	106 	216 	172 	174 	105 	223 	186 	1841 	385 	394 	1981 	363 	365 	0 	0 	0 	0 	0 	0 	0 	0 	0 	0 	0 	0 	0 	0 	0 	0 	1017 	1074 	17 	52 
#record	107 	218 	173 	176 	106 	225 	188 	1859 	389 	399 	2001 	367 	369 	0 	0 	0 	0 	0 	0 	0 	0 	0 	0 	0 	0 	0 	0 	0 	0 	1026 	1083 	18 	53 
#record	108 	220 	175 	178 	107 	227 	190 	1880 	393 	404 	2024 	371 	374 	0 	0 	0 	0 	0 	0 	0 	0 	0 	0 	0 	0 	0 	0 	0 	0 	1035 	1093 	18 	53 
#record	109 	221 	176 	179 	108 	229 	192 	1898 	397 	409 	2044 	375 	378 	0 	0 	0 	0 	0 	0 	0 	0 	0 	0 	0 	0 	0 	0 	0 	0 	1044 	1102 	18 	54 
#record	110 	224 	178 	181 	109 	231 	193 	1919 	401 	414 	2064 	378 	383 	0 	0 	0 	0 	0 	0 	0 	0 	0 	0 	0 	0 	0 	0 	0 	0 	1053 	1112 	18 	54 
#record	111 	226 	179 	182 	110 	233 	195 	1937 	405 	418 	2087 	382 	387 	0 	0 	0 	0 	0 	0 	0 	0 	0 	0 	0 	0 	0 	0 	0 	0 	1062 	1121 	18 	55 
#record	112 	228 	182 	184 	111 	235 	197 	1958 	409 	423 	2107 	386 	392 	0 	0 	0 	0 	0 	0 	0 	0 	0 	0 	0 	0 	0 	0 	0 	0 	1071 	1131 	18 	55 
#record	113 	230 	183 	186 	112 	237 	199 	1976 	413 	428 	2126 	389 	396 	0 	0 	0 	0 	0 	0 	0 	0 	0 	0 	0 	0 	0 	0 	0 	0 	1080 	1140 	19 	56 
#record	114 	231 	185 	187 	113 	239 	200 	1997 	417 	433 	2150 	393 	401 	0 	0 	0 	0 	0 	0 	0 	0 	0 	0 	0 	0 	0 	0 	0 	0 	1089 	1150 	19 	56 
#record	115 	234 	186 	189 	114 	241 	201 	2015 	421 	438 	2170 	397 	405 	0 	0 	0 	0 	0 	0 	0 	0 	0 	0 	0 	0 	0 	0 	0 	0 	1098 	1159 	19 	57 
#record	116 	236 	188 	190 	115 	243 	203 	2036 	425 	442 	2193 	401 	409 	0 	0 	0 	0 	0 	0 	0 	0 	0 	0 	0 	0 	0 	0 	0 	0 	1107 	1169 	19 	57 
#record	117 	238 	189 	192 	116 	245 	205 	2054 	429 	447 	2213 	405 	414 	0 	0 	0 	0 	0 	0 	0 	0 	0 	0 	0 	0 	0 	0 	0 	0 	1116 	1178 	19 	58 
#record	118 	239 	191 	194 	117 	247 	207 	2075 	433 	452 	2232 	408 	418 	0 	0 	0 	0 	0 	0 	0 	0 	0 	0 	0 	0 	0 	0 	0 	0 	1125 	1188 	19 	58 
#record	119 	241 	192 	195 	118 	249 	209 	2093 	437 	457 	2256 	412 	423 	0 	0 	0 	0 	0 	0 	0 	0 	0 	0 	0 	0 	0 	0 	0 	0 	1134 	1197 	20 	59 
#record	120 	244 	194 	197 	119 	251 	210 	2114 	441 	462 	2276 	416 	427 	0 	0 	0 	0 	0 	0 	0 	0 	0 	0 	0 	0 	0 	0 	0 	0 	1143 	1207 	20 	60 
#record	121 	246 	195 	198 	120 	253 	212 	2132 	445 	466 	2295 	419 	432 	0 	0 	0 	0 	0 	0 	0 	0 	0 	0 	0 	0 	0 	0 	0 	0 	1152 	1216 	20 	60 
#record	122 	248 	197 	200 	121 	255 	214 	2153 	449 	471 	2319 	424 	436 	0 	0 	0 	0 	0 	0 	0 	0 	0 	0 	0 	0 	0 	0 	0 	0 	1161 	1226 	20 	61 
#record	123 	249 	199 	202 	122 	257 	216 	2171 	453 	476 	2338 	427 	441 	0 	0 	0 	0 	0 	0 	0 	0 	0 	0 	0 	0 	0 	0 	0 	0 	1170 	1235 	20 	61 
#record	124 	251 	200 	203 	123 	259 	218 	2192 	457 	481 	2362 	431 	445 	0 	0 	0 	0 	0 	0 	0 	0 	0 	0 	0 	0 	0 	0 	0 	0 	1179 	1245 	20 	62 
#record	125 	254 	202 	205 	124 	261 	219 	2210 	461 	486 	2382 	435 	449 	0 	0 	0 	0 	0 	0 	0 	0 	0 	0 	0 	0 	0 	0 	0 	0 	1188 	1254 	21 	62 
#record	126 	256 	203 	206 	125 	263 	220 	2231 	465 	490 	2401 	438 	454 	0 	0 	0 	0 	0 	0 	0 	0 	0 	0 	0 	0 	0 	0 	0 	0 	1197 	1264 	21 	63 
#record	127 	257 	205 	208 	126 	265 	222 	2249 	468 	495 	2425 	443 	458 	0 	0 	0 	0 	0 	0 	0 	0 	0 	0 	0 	0 	0 	0 	0 	0 	1206 	1273 	21 	63 
#record	128 	259 	206 	210 	127 	267 	224 	2270 	473 	500 	2444 	446 	463 	0 	0 	0 	0 	0 	0 	0 	0 	0 	0 	0 	0 	0 	0 	0 	0 	1215 	1283 	21 	64 
#record	129 	261 	208 	211 	128 	269 	226 	2288 	476 	505 	2464 	450 	467 	0 	0 	0 	0 	0 	0 	0 	0 	0 	0 	0 	0 	0 	0 	0 	0 	1224 	1292 	21 	64 
#record	130 	264 	209 	213 	129 	271 	227 	2309 	481 	510 	2488 	454 	472 	0 	0 	0 	0 	0 	0 	0 	0 	0 	0 	0 	0 	0 	0 	0 	0 	1233 	1302 	21 	65 
#record	131 	266 	211 	214 	130 	273 	229 	2327 	484 	514 	2507 	457 	476 	0 	0 	0 	0 	0 	0 	0 	0 	0 	0 	0 	0 	0 	0 	0 	0 	1242 	1311 	21 	65 
#record	132 	267 	213 	216 	131 	275 	231 	2348 	489 	519 	2531 	461 	481 	0 	0 	0 	0 	0 	0 	0 	0 	0 	0 	0 	0 	0 	0 	0 	0 	1251 	1321 	22 	66 
#record	133 	269 	215 	218 	132 	277 	233 	2366 	492 	524 	2550 	465 	485 	0 	0 	0 	0 	0 	0 	0 	0 	0 	0 	0 	0 	0 	0 	0 	0 	1260 	1330 	22 	66 
#record	134 	271 	216 	219 	133 	279 	235 	2387 	497 	529 	2570 	468 	489 	0 	0 	0 	0 	0 	0 	0 	0 	0 	0 	0 	0 	0 	0 	0 	0 	1269 	1340 	22 	67 
#record	135 	274 	218 	221 	134 	281 	236 	2405 	500 	534 	2594 	473 	494 	0 	0 	0 	0 	0 	0 	0 	0 	0 	0 	0 	0 	0 	0 	0 	0 	1278 	1349 	22 	67 
#record	136 	275 	219 	222 	135 	283 	238 	2426 	505 	538 	2613 	476 	498 	0 	0 	0 	0 	0 	0 	0 	0 	0 	0 	0 	0 	0 	0 	0 	0 	1287 	1359 	22 	68 
#record	137 	277 	221 	224 	136 	285 	239 	2444 	508 	543 	2633 	480 	503 	0 	0 	0 	0 	0 	0 	0 	0 	0 	0 	0 	0 	0 	0 	0 	0 	1296 	1368 	22 	68 
#record	138 	279 	222 	226 	137 	287 	241 	2465 	513 	548 	2656 	484 	507 	0 	0 	0 	0 	0 	0 	0 	0 	0 	0 	0 	0 	0 	0 	0 	0 	1305 	1378 	23 	69 
#record	139 	281 	224 	227 	138 	289 	243 	2483 	516 	553 	2676 	487 	512 	0 	0 	0 	0 	0 	0 	0 	0 	0 	0 	0 	0 	0 	0 	0 	0 	1314 	1387 	23 	69 
#record	140 	284 	225 	229 	139 	291 	244 	2505 	521 	558 	2700 	492 	516 	0 	0 	0 	0 	0 	0 	0 	0 	0 	0 	0 	0 	0 	0 	0 	0 	1323 	1397 	23 	70 
#record	141 	285 	227 	230 	140 	293 	246 	2522 	524 	562 	2719 	495 	521 	0 	0 	0 	0 	0 	0 	0 	0 	0 	0 	0 	0 	0 	0 	0 	0 	1332 	1406 	23 	70 
#record	142 	287 	229 	232 	141 	295 	248 	2544 	529 	567 	2739 	499 	525 	0 	0 	0 	0 	0 	0 	0 	0 	0 	0 	0 	0 	0 	0 	0 	0 	1341 	1416 	23 	71 
#record	143 	289 	230 	234 	142 	297 	250 	2561 	532 	572 	2762 	503 	529 	0 	0 	0 	0 	0 	0 	0 	0 	0 	0 	0 	0 	0 	0 	0 	0 	1350 	1425 	23 	71 
#record	144 	291 	232 	235 	143 	299 	252 	2583 	537 	577 	2782 	506 	534 	0 	0 	0 	0 	0 	0 	0 	0 	0 	0 	0 	0 	0 	0 	0 	0 	1359 	1435 	24 	72 
#record	145 	293 	233 	237 	144 	301 	253 	2600 	540 	582 	2802 	510 	538 	0 	0 	0 	0 	0 	0 	0 	0 	0 	0 	0 	0 	0 	0 	0 	0 	1368 	1444 	24 	72 
#record	146 	295 	235 	238 	145 	303 	255 	2622 	545 	586 	2825 	514 	543 	0 	0 	0 	0 	0 	0 	0 	0 	0 	0 	0 	0 	0 	0 	0 	0 	1377 	1454 	24 	73 
#record	147 	297 	236 	240 	146 	305 	257 	2639 	548 	591 	2845 	517 	547 	0 	0 	0 	0 	0 	0 	0 	0 	0 	0 	0 	0 	0 	0 	0 	0 	1386 	1463 	24 	73 
#record	148 	299 	238 	242 	147 	307 	258 	2661 	552 	596 	2868 	522 	552 	0 	0 	0 	0 	0 	0 	0 	0 	0 	0 	0 	0 	0 	0 	0 	0 	1395 	1473 	24 	74 
#record	149 	301 	239 	243 	148 	309 	260 	2682 	557 	601 	2888 	525 	556 	0 	0 	0 	0 	0 	0 	0 	0 	0 	0 	0 	0 	0 	0 	0 	0 	1404 	1482 	24 	74 
#record	150 	303 	241 	245 	149 	311 	261 	2700 	560 	606 	2908 	529 	561 	0 	0 	0 	0 	0 	0 	0 	0 	0 	0 	0 	0 	0 	0 	0 	0 	1413 	1492 	24 	75 
																																	
#end																																	
