
#ignore	\o042			
#exchange	#	\x20		

#table	Param																																
#columntype	Dword	Dword	Dword	Dword	Dword	Dword	Dword	Dword	Dword	Dword	Dword	Dword	Dword	Dword	Dword	Dword	Dword	Dword	Dword	Dword	Dword	Dword	Dword	Dword	Dword	Dword	Dword	Dword	Dword	Word	Word	DWord	DWord
#columnname	Level	Strength	Constitution	Intelligence	Wizdom	Dexterity	MentalPower	SoulHP	MAXSoulHP	PriceHPStone	SoulSP	MAXSoulSP	PriceSPStone	AtkPerAP	DmgPerAP	MaxPwrStone	NumPwrStone	PricePwrStone	PwrStoneWC	PwrStoneMA	MaxGrdStone	NumGrdStone	PriceGrdStone	GrdStoneAC	GrdStoneMR	PainRes	RestraintRes	CurseRes	ShockRes	MaxHP	MaxSP	CharTitlePt	SkillPwrPt
#record	1 	9 	10 	19 	0 	9 	9 	32 	15 	3 	26 	11 	1 	0 	0 	0 	0 	0 	0 	0 	0 	0 	0 	0 	0 	0 	0 	0 	0 	80 	80 	1 	0 
#record	2 	10 	11 	20 	1 	10 	10 	36 	14 	4 	39 	12 	2 	0 	0 	0 	0 	0 	0 	0 	0 	0 	0 	0 	0 	0 	0 	0 	0 	90 	90 	1 	0 
#record	3 	11 	12 	21 	2 	11 	11 	46 	15 	5 	57 	13 	3 	0 	0 	0 	0 	0 	0 	0 	0 	0 	0 	0 	0 	0 	0 	0 	0 	100 	100 	1 	1 
#record	4 	13 	14 	23 	3 	13 	13 	54 	15 	6 	70 	14 	3 	0 	0 	0 	0 	0 	0 	0 	0 	0 	0 	0 	0 	0 	0 	0 	0 	110 	110 	1 	1 
#record	5 	15 	16 	24 	4 	14 	14 	66 	16 	7 	84 	15 	4 	0 	0 	0 	0 	0 	0 	0 	0 	0 	0 	0 	0 	0 	0 	0 	0 	120 	120 	1 	2 
#record	6 	17 	18 	26 	5 	16 	16 	75 	17 	8 	101 	17 	4 	0 	0 	0 	0 	0 	0 	0 	0 	0 	0 	0 	0 	0 	0 	0 	0 	130 	130 	2 	2 
#record	7 	19 	20 	28 	6 	18 	18 	88 	18 	9 	115 	18 	5 	0 	0 	0 	0 	0 	0 	0 	0 	0 	0 	0 	0 	0 	0 	0 	0 	140 	140 	2 	3 
#record	8 	20 	22 	30 	7 	20 	20 	98 	19 	11 	132 	20 	6 	0 	0 	0 	0 	0 	0 	0 	0 	0 	0 	0 	0 	0 	0 	0 	0 	150 	150 	2 	3 
#record	9 	22 	24 	32 	8 	22 	22 	111 	20 	12 	146 	21 	6 	0 	0 	0 	0 	0 	0 	0 	0 	0 	0 	0 	0 	0 	0 	0 	0 	160 	160 	2 	4 
#record	10 	25 	26 	33 	9 	23 	23 	121 	21 	13 	159 	22 	7 	0 	0 	0 	0 	0 	0 	0 	0 	0 	0 	0 	0 	0 	0 	0 	0 	170 	170 	2 	4 
#record	11 	26 	28 	35 	10 	25 	25 	134 	22 	14 	177 	23 	7 	0 	0 	0 	0 	0 	0 	0 	0 	0 	0 	0 	0 	0 	0 	0 	0 	180 	180 	2 	5 
#record	12 	28 	30 	37 	11 	27 	27 	143 	23 	15 	190 	24 	8 	0 	0 	0 	0 	0 	0 	0 	0 	0 	0 	0 	0 	0 	0 	0 	0 	190 	190 	3 	5 
#record	13 	30 	32 	39 	12 	29 	29 	156 	24 	16 	208 	26 	9 	0 	0 	0 	0 	0 	0 	0 	0 	0 	0 	0 	0 	0 	0 	0 	0 	200 	200 	3 	6 
#record	14 	31 	34 	41 	13 	31 	31 	166 	25 	17 	221 	27 	9 	0 	0 	0 	0 	0 	0 	0 	0 	0 	0 	0 	0 	0 	0 	0 	0 	210 	210 	3 	6 
#record	15 	34 	36 	42 	14 	32 	32 	179 	27 	18 	239 	28 	10 	0 	0 	0 	0 	0 	0 	0 	0 	0 	0 	0 	0 	0 	0 	0 	0 	220 	220 	3 	7 
#record	16 	36 	38 	44 	15 	34 	34 	188 	27 	19 	253 	30 	10 	0 	0 	0 	0 	0 	0 	0 	0 	0 	0 	0 	0 	0 	0 	0 	0 	230 	230 	3 	7 
#record	17 	37 	40 	46 	16 	36 	36 	201 	29 	20 	266 	31 	11 	0 	0 	0 	0 	0 	0 	0 	0 	0 	0 	0 	0 	0 	0 	0 	0 	240 	240 	3 	8 
#record	18 	39 	42 	48 	17 	38 	38 	210 	30 	22 	284 	32 	12 	0 	0 	0 	0 	0 	0 	0 	0 	0 	0 	0 	0 	0 	0 	0 	0 	250 	250 	4 	8 
#record	19 	41 	44 	50 	18 	40 	40 	223 	31 	23 	297 	33 	12 	0 	0 	0 	0 	0 	0 	0 	0 	0 	0 	0 	0 	0 	0 	0 	0 	260 	260 	4 	9 
#record	20 	43 	46 	51 	19 	41 	41 	275 	44 	26 	366 	35 	14 	0 	0 	0 	0 	0 	0 	0 	0 	0 	0 	0 	0 	0 	0 	0 	0 	270 	270 	4 	9 
#record	21 	45 	48 	53 	20 	43 	43 	289 	46 	29 	384 	37 	16 	0 	0 	0 	0 	0 	0 	0 	0 	0 	0 	0 	0 	0 	0 	0 	0 	280 	280 	4 	10 
#record	22 	47 	50 	55 	21 	45 	45 	301 	53 	30 	402 	39 	18 	0 	0 	0 	0 	0 	0 	0 	0 	0 	0 	0 	0 	0 	0 	0 	0 	290 	290 	4 	10 
#record	23 	48 	52 	57 	22 	47 	47 	313 	55 	31 	413 	40 	19 	0 	0 	0 	0 	0 	0 	0 	0 	0 	0 	0 	0 	0 	0 	0 	0 	300 	300 	4 	11 
#record	24 	50 	54 	59 	23 	49 	49 	324 	64 	31 	429 	42 	21 	0 	0 	0 	0 	0 	0 	0 	0 	0 	0 	0 	0 	0 	0 	0 	0 	310 	310 	4 	11 
#record	25 	53 	56 	60 	24 	50 	50 	335 	66 	34 	443 	44 	23 	0 	0 	0 	0 	0 	0 	0 	0 	0 	0 	0 	0 	0 	0 	0 	0 	320 	320 	5 	12 
#record	26 	54 	58 	62 	25 	52 	52 	345 	69 	36 	457 	45 	25 	0 	0 	0 	0 	0 	0 	0 	0 	0 	0 	0 	0 	0 	0 	0 	0 	330 	330 	5 	12 
#record	27 	56 	60 	64 	26 	54 	54 	354 	81 	39 	470 	92 	27 	0 	0 	0 	0 	0 	0 	0 	0 	0 	0 	0 	0 	0 	0 	0 	0 	340 	340 	5 	13 
#record	28 	58 	62 	66 	27 	56 	56 	366 	84 	42 	487 	95 	28 	0 	0 	0 	0 	0 	0 	0 	0 	0 	0 	0 	0 	0 	0 	0 	0 	350 	350 	5 	13 
#record	29 	60 	64 	68 	28 	58 	58 	382 	87 	44 	505 	99 	30 	0 	0 	0 	0 	0 	0 	0 	0 	0 	0 	0 	0 	0 	0 	0 	0 	360 	360 	5 	14 
#record	30 	62 	66 	69 	29 	59 	59 	397 	91 	47 	526 	102 	32 	0 	0 	0 	0 	0 	0 	0 	0 	0 	0 	0 	0 	0 	0 	0 	0 	370 	370 	5 	14 
#record	31 	64 	67 	71 	30 	61 	61 	412 	94 	50 	548 	106 	34 	0 	0 	0 	0 	0 	0 	0 	0 	0 	0 	0 	0 	0 	0 	0 	0 	380 	380 	6 	15 
#record	32 	65 	70 	73 	31 	63 	63 	428 	97 	52 	569 	110 	36 	0 	0 	0 	0 	0 	0 	0 	0 	0 	0 	0 	0 	0 	0 	0 	0 	390 	390 	6 	15 
#record	33 	67 	72 	75 	32 	65 	65 	443 	100 	55 	591 	114 	37 	0 	0 	0 	0 	0 	0 	0 	0 	0 	0 	0 	0 	0 	0 	0 	0 	400 	400 	6 	16 
#record	34 	69 	74 	77 	33 	67 	67 	458 	103 	58 	612 	118 	39 	0 	0 	0 	0 	0 	0 	0 	0 	0 	0 	0 	0 	0 	0 	0 	0 	410 	410 	6 	16 
#record	35 	71 	76 	78 	34 	68 	68 	474 	106 	60 	630 	121 	41 	0 	0 	0 	0 	0 	0 	0 	0 	0 	0 	0 	0 	0 	0 	0 	0 	420 	420 	6 	17 
#record	36 	73 	78 	80 	35 	70 	70 	489 	109 	63 	651 	125 	43 	0 	0 	0 	0 	0 	0 	0 	0 	0 	0 	0 	0 	0 	0 	0 	0 	430 	430 	6 	17 
#record	37 	75 	80 	82 	36 	72 	72 	504 	112 	66 	673 	129 	45 	0 	0 	0 	0 	0 	0 	0 	0 	0 	0 	0 	0 	0 	0 	0 	0 	440 	440 	7 	18 
#record	38 	77 	82 	84 	37 	74 	74 	519 	115 	68 	694 	132 	46 	0 	0 	0 	0 	0 	0 	0 	0 	0 	0 	0 	0 	0 	0 	0 	0 	450 	450 	7 	18 
#record	39 	78 	84 	86 	38 	76 	76 	530 	118 	71 	716 	136 	48 	0 	0 	0 	0 	0 	0 	0 	0 	0 	0 	0 	0 	0 	0 	0 	0 	460 	460 	7 	19 
#record	40 	81 	86 	87 	39 	77 	77 	545 	121 	73 	737 	140 	50 	0 	0 	0 	0 	0 	0 	0 	0 	0 	0 	0 	0 	0 	0 	0 	0 	470 	470 	7 	19 
#record	41 	82 	87 	89 	40 	79 	79 	560 	124 	76 	755 	143 	52 	0 	0 	0 	0 	0 	0 	0 	0 	0 	0 	0 	0 	0 	0 	0 	0 	480 	480 	7 	20 
#record	42 	84 	90 	91 	41 	81 	81 	575 	127 	79 	776 	147 	54 	0 	0 	0 	0 	0 	0 	0 	0 	0 	0 	0 	0 	0 	0 	0 	0 	490 	490 	7 	20 
#record	43 	86 	92 	93 	42 	83 	83 	590 	130 	81 	798 	151 	55 	0 	0 	0 	0 	0 	0 	0 	0 	0 	0 	0 	0 	0 	0 	0 	0 	500 	500 	7 	21 
#record	44 	88 	94 	95 	43 	85 	85 	604 	133 	84 	820 	155 	57 	0 	0 	0 	0 	0 	0 	0 	0 	0 	0 	0 	0 	0 	0 	0 	0 	510 	510 	8 	21 
#record	45 	90 	96 	96 	44 	86 	86 	619 	136 	87 	841 	159 	59 	0 	0 	0 	0 	0 	0 	0 	0 	0 	0 	0 	0 	0 	0 	0 	0 	520 	520 	8 	22 
#record	46 	92 	98 	98 	45 	88 	88 	633 	139 	89 	863 	163 	61 	0 	0 	0 	0 	0 	0 	0 	0 	0 	0 	0 	0 	0 	0 	0 	0 	530 	530 	8 	22 
#record	47 	94 	100 	100 	46 	90 	90 	648 	142 	92 	880 	166 	63 	0 	0 	0 	0 	0 	0 	0 	0 	0 	0 	0 	0 	0 	0 	0 	0 	540 	540 	8 	23 
#record	48 	95 	102 	102 	47 	92 	92 	662 	145 	95 	902 	170 	65 	0 	0 	0 	0 	0 	0 	0 	0 	0 	0 	0 	0 	0 	0 	0 	0 	550 	550 	8 	23 
#record	49 	97 	104 	104 	48 	94 	94 	676 	148 	97 	923 	173 	66 	0 	0 	0 	0 	0 	0 	0 	0 	0 	0 	0 	0 	0 	0 	0 	0 	560 	560 	8 	24 
#record	50 	99 	105 	105 	49 	95 	95 	691 	150 	100 	945 	177 	68 	0 	0 	0 	0 	0 	0 	0 	0 	0 	0 	0 	0 	0 	0 	0 	0 	570 	570 	9 	24 
#record	51 	101 	107 	107 	50 	97 	97 	705 	153 	115 	966 	181 	80 	0 	0 	0 	0 	0 	0 	0 	0 	0 	0 	0 	0 	0 	0 	0 	0 	580 	580 	9 	25 
#record	52 	103 	110 	109 	51 	99 	99 	719 	156 	118 	984 	184 	82 	0 	0 	0 	0 	0 	0 	0 	0 	0 	0 	0 	0 	0 	0 	0 	0 	590 	590 	9 	25 
#record	53 	105 	112 	111 	52 	101 	101 	733 	159 	121 	1005 	188 	84 	0 	0 	0 	0 	0 	0 	0 	0 	0 	0 	0 	0 	0 	0 	0 	0 	600 	600 	9 	26 
#record	54 	106 	114 	113 	53 	103 	103 	747 	162 	124 	1027 	192 	86 	0 	0 	0 	0 	0 	0 	0 	0 	0 	0 	0 	0 	0 	0 	0 	0 	610 	610 	9 	26 
#record	55 	109 	116 	114 	54 	104 	104 	761 	165 	127 	1048 	196 	88 	0 	0 	0 	0 	0 	0 	0 	0 	0 	0 	0 	0 	0 	0 	0 	0 	620 	620 	9 	27 
#record	56 	111 	118 	116 	55 	106 	106 	775 	168 	130 	1070 	200 	90 	0 	0 	0 	0 	0 	0 	0 	0 	0 	0 	0 	0 	0 	0 	0 	0 	630 	630 	10 	27 
#record	57 	112 	120 	118 	56 	108 	108 	788 	170 	133 	1091 	203 	92 	0 	0 	0 	0 	0 	0 	0 	0 	0 	0 	0 	0 	0 	0 	0 	0 	640 	640 	10 	28 
#record	58 	114 	122 	120 	57 	110 	110 	802 	173 	136 	1109 	207 	94 	0 	0 	0 	0 	0 	0 	0 	0 	0 	0 	0 	0 	0 	0 	0 	0 	650 	650 	10 	28 
#record	59 	116 	124 	122 	58 	112 	112 	816 	176 	139 	1131 	210 	97 	0 	0 	0 	0 	0 	0 	0 	0 	0 	0 	0 	0 	0 	0 	0 	0 	660 	660 	10 	29 
#record	60 	118 	125 	123 	59 	113 	113 	916 	179 	191 	1272 	215 	137 	0 	0 	0 	0 	0 	0 	0 	0 	0 	0 	0 	0 	0 	0 	0 	0 	670 	670 	10 	29 
#record	61 	120 	127 	125 	60 	115 	115 	925 	183 	196 	1284 	219 	140 	0 	0 	0 	0 	0 	0 	0 	0 	0 	0 	0 	0 	0 	0 	0 	0 	680 	680 	10 	30 
#record	62 	122 	130 	127 	61 	117 	117 	932 	186 	201 	1299 	223 	144 	0 	0 	0 	0 	0 	0 	0 	0 	0 	0 	0 	0 	0 	0 	0 	0 	690 	690 	11 	30 
#record	63 	123 	132 	129 	62 	119 	119 	940 	189 	207 	1310 	227 	148 	0 	0 	0 	0 	0 	0 	0 	0 	0 	0 	0 	0 	0 	0 	0 	0 	700 	700 	11 	31 
#record	64 	125 	134 	131 	63 	121 	121 	949 	192 	212 	1325 	232 	152 	0 	0 	0 	0 	0 	0 	0 	0 	0 	0 	0 	0 	0 	0 	0 	0 	710 	710 	11 	31 
#record	65 	128 	136 	132 	64 	122 	122 	957 	196 	217 	1335 	236 	156 	0 	0 	0 	0 	0 	0 	0 	0 	0 	0 	0 	0 	0 	0 	0 	0 	720 	720 	11 	32 
#record	66 	129 	138 	134 	65 	124 	124 	962 	198 	223 	1349 	240 	159 	0 	0 	0 	0 	0 	0 	0 	0 	0 	0 	0 	0 	0 	0 	0 	0 	730 	730 	11 	32 
#record	67 	131 	140 	136 	66 	126 	126 	969 	201 	228 	1363 	245 	163 	0 	0 	0 	0 	0 	0 	0 	0 	0 	0 	0 	0 	0 	0 	0 	0 	740 	740 	11 	33 
#record	68 	133 	142 	138 	67 	128 	128 	976 	205 	233 	1371 	249 	167 	0 	0 	0 	0 	0 	0 	0 	0 	0 	0 	0 	0 	0 	0 	0 	0 	750 	750 	11 	33 
#record	69 	134 	143 	140 	68 	130 	130 	979 	207 	238 	1384 	253 	171 	0 	0 	0 	0 	0 	0 	0 	0 	0 	0 	0 	0 	0 	0 	0 	0 	760 	760 	12 	34 
#record	70 	137 	145 	141 	69 	131 	131 	986 	211 	244 	1391 	257 	175 	0 	0 	0 	0 	0 	0 	0 	0 	0 	0 	0 	0 	0 	0 	0 	0 	770 	770 	12 	34 
#record	71 	139 	147 	143 	70 	133 	133 	1001 	214 	249 	1417 	262 	178 	0 	0 	0 	0 	0 	0 	0 	0 	0 	0 	0 	0 	0 	0 	0 	0 	780 	780 	12 	35 
#record	72 	140 	150 	145 	71 	135 	135 	1017 	217 	254 	1438 	265 	182 	0 	0 	0 	0 	0 	0 	0 	0 	0 	0 	0 	0 	0 	0 	0 	0 	790 	790 	12 	35 
#record	73 	142 	152 	147 	72 	137 	137 	1030 	220 	260 	1464 	270 	186 	0 	0 	0 	0 	0 	0 	0 	0 	0 	0 	0 	0 	0 	0 	0 	0 	800 	800 	12 	36 
#record	74 	144 	154 	149 	73 	139 	139 	1045 	223 	265 	1486 	274 	190 	0 	0 	0 	0 	0 	0 	0 	0 	0 	0 	0 	0 	0 	0 	0 	0 	810 	810 	12 	36 
#record	75 	146 	156 	150 	74 	140 	140 	1061 	226 	270 	1511 	278 	193 	0 	0 	0 	0 	0 	0 	0 	0 	0 	0 	0 	0 	0 	0 	0 	0 	820 	820 	13 	37 
#record	76 	148 	158 	152 	75 	142 	142 	1076 	229 	275 	1533 	282 	197 	0 	0 	0 	0 	0 	0 	0 	0 	0 	0 	0 	0 	0 	0 	0 	0 	830 	830 	13 	37 
#record	77 	150 	160 	154 	76 	144 	144 	1088 	232 	281 	1558 	287 	201 	0 	0 	0 	0 	0 	0 	0 	0 	0 	0 	0 	0 	0 	0 	0 	0 	840 	840 	13 	38 
#record	78 	151 	162 	156 	77 	146 	146 	1103 	235 	286 	1580 	291 	205 	0 	0 	0 	0 	0 	0 	0 	0 	0 	0 	0 	0 	0 	0 	0 	0 	850 	850 	13 	38 
#record	79 	153 	163 	158 	78 	148 	148 	1119 	238 	291 	1605 	295 	209 	0 	0 	0 	0 	0 	0 	0 	0 	0 	0 	0 	0 	0 	0 	0 	0 	860 	860 	13 	39 
#record	80 	156 	165 	159 	79 	149 	149 	1131 	240 	297 	1627 	299 	212 	0 	0 	0 	0 	0 	0 	0 	0 	0 	0 	0 	0 	0 	0 	0 	0 	870 	870 	13 	39 
#record	81 	157 	167 	161 	80 	151 	151 	1146 	243 	302 	1652 	304 	216 	0 	0 	0 	0 	0 	0 	0 	0 	0 	0 	0 	0 	0 	0 	0 	0 	880 	880 	14 	40 
#record	82 	159 	170 	163 	81 	153 	153 	1161 	246 	307 	1678 	308 	220 	0 	0 	0 	0 	0 	0 	0 	0 	0 	0 	0 	0 	0 	0 	0 	0 	890 	890 	14 	40 
#record	83 	161 	172 	165 	82 	155 	155 	1175 	249 	312 	1699 	312 	224 	0 	0 	0 	0 	0 	0 	0 	0 	0 	0 	0 	0 	0 	0 	0 	0 	900 	900 	14 	41 
#record	84 	162 	174 	167 	83 	157 	157 	1187 	252 	318 	1725 	317 	227 	0 	0 	0 	0 	0 	0 	0 	0 	0 	0 	0 	0 	0 	0 	0 	0 	910 	910 	14 	41 
#record	85 	165 	176 	168 	84 	158 	158 	1202 	255 	323 	1746 	320 	231 	0 	0 	0 	0 	0 	0 	0 	0 	0 	0 	0 	0 	0 	0 	0 	0 	920 	920 	14 	42 
#record	86 	167 	178 	170 	85 	160 	160 	1216 	258 	328 	1772 	325 	235 	0 	0 	0 	0 	0 	0 	0 	0 	0 	0 	0 	0 	0 	0 	0 	0 	930 	930 	14 	42 
#record	87 	168 	180 	172 	86 	162 	162 	1231 	261 	333 	1794 	329 	239 	0 	0 	0 	0 	0 	0 	0 	0 	0 	0 	0 	0 	0 	0 	0 	0 	940 	940 	14 	43 
#record	88 	170 	181 	174 	87 	164 	164 	1242 	263 	339 	1819 	333 	243 	0 	0 	0 	0 	0 	0 	0 	0 	0 	0 	0 	0 	0 	0 	0 	0 	950 	950 	15 	43 
#record	89 	172 	183 	176 	88 	166 	166 	1257 	266 	344 	1841 	337 	246 	0 	0 	0 	0 	0 	0 	0 	0 	0 	0 	0 	0 	0 	0 	0 	0 	960 	960 	15 	44 
#record	90 	174 	185 	177 	89 	167 	167 	1271 	269 	349 	1866 	342 	250 	0 	0 	0 	0 	0 	0 	0 	0 	0 	0 	0 	0 	0 	0 	0 	0 	970 	970 	15 	44 
#record	91 	176 	187 	179 	90 	169 	169 	1282 	271 	355 	1888 	346 	254 	0 	0 	0 	0 	0 	0 	0 	0 	0 	0 	0 	0 	0 	0 	0 	0 	980 	980 	15 	45 
#record	92 	178 	190 	181 	91 	171 	171 	1296 	274 	360 	1913 	350 	258 	0 	0 	0 	0 	0 	0 	0 	0 	0 	0 	0 	0 	0 	0 	0 	0 	990 	990 	15 	45 
#record	93 	179 	192 	183 	92 	173 	173 	1310 	277 	365 	1935 	354 	262 	0 	0 	0 	0 	0 	0 	0 	0 	0 	0 	0 	0 	0 	0 	0 	0 	1000 	1000 	15 	46 
#record	94 	181 	194 	185 	93 	175 	175 	1324 	280 	370 	1960 	359 	265 	0 	0 	0 	0 	0 	0 	0 	0 	0 	0 	0 	0 	0 	0 	0 	0 	1010 	1010 	16 	46 
#record	95 	184 	196 	186 	94 	176 	176 	1335 	282 	376 	1982 	362 	269 	0 	0 	0 	0 	0 	0 	0 	0 	0 	0 	0 	0 	0 	0 	0 	0 	1020 	1020 	16 	47 
#record	96 	185 	198 	188 	95 	178 	178 	1349 	285 	381 	2007 	367 	273 	0 	0 	0 	0 	0 	0 	0 	0 	0 	0 	0 	0 	0 	0 	0 	0 	1030 	1030 	16 	47 
#record	97 	187 	200 	190 	96 	180 	180 	1363 	288 	386 	2033 	372 	277 	0 	0 	0 	0 	0 	0 	0 	0 	0 	0 	0 	0 	0 	0 	0 	0 	1040 	1040 	16 	48 
#record	98 	189 	201 	192 	97 	182 	182 	1378 	291 	392 	2054 	375 	280 	0 	0 	0 	0 	0 	0 	0 	0 	0 	0 	0 	0 	0 	0 	0 	0 	1050 	1050 	16 	48 
#record	99 	190 	203 	194 	98 	184 	184 	1391 	293 	397 	2080 	380 	284 	0 	0 	0 	0 	0 	0 	0 	0 	0 	0 	0 	0 	0 	0 	0 	0 	1060 	1060 	16 	49 
#record	100 	193 	205 	195 	99 	185 	185 	1407 	297 	402 	2101 	384 	288 	0 	0 	0 	0 	0 	0 	0 	0 	0 	0 	0 	0 	0 	0 	0 	0 	1070 	1070 	17 	49 
#record	101 	195 	207 	197 	100 	187 	187 	1422 	300 	407 	2127 	388 	292 	0 	0 	0 	0 	0 	0 	0 	0 	0 	0 	0 	0 	0 	0 	0 	0 	1080 	1080 	17 	50 
#record	102 	196 	210 	199 	101 	189 	189 	1436 	303 	413 	2149 	392 	296 	0 	0 	0 	0 	0 	0 	0 	0 	0 	0 	0 	0 	0 	0 	0 	0 	1090 	1090 	17 	50 
#record	103 	198 	212 	201 	102 	191 	191 	1453 	306 	418 	2174 	397 	299 	0 	0 	0 	0 	0 	0 	0 	0 	0 	0 	0 	0 	0 	0 	0 	0 	1100 	1100 	17 	51 
#record	104 	200 	214 	203 	103 	193 	193 	1470 	309 	423 	2196 	401 	303 	0 	0 	0 	0 	0 	0 	0 	0 	0 	0 	0 	0 	0 	0 	0 	0 	1110 	1110 	17 	51 
#record	105 	202 	216 	204 	104 	194 	194 	1486 	313 	429 	2221 	405 	307 	0 	0 	0 	0 	0 	0 	0 	0 	0 	0 	0 	0 	0 	0 	0 	0 	1120 	1120 	17 	52 
#record	106 	204 	218 	206 	105 	196 	196 	1500 	316 	434 	2243 	409 	311 	0 	0 	0 	0 	0 	0 	0 	0 	0 	0 	0 	0 	0 	0 	0 	0 	1130 	1130 	17 	52 
#record	107 	206 	219 	208 	106 	198 	198 	1517 	319 	439 	2268 	414 	315 	0 	0 	0 	0 	0 	0 	0 	0 	0 	0 	0 	0 	0 	0 	0 	0 	1140 	1140 	18 	53 
#record	108 	207 	221 	210 	107 	200 	200 	1533 	322 	444 	2290 	417 	318 	0 	0 	0 	0 	0 	0 	0 	0 	0 	0 	0 	0 	0 	0 	0 	0 	1150 	1150 	18 	53 
#record	109 	209 	223 	212 	108 	202 	202 	1550 	326 	450 	2315 	422 	322 	0 	0 	0 	0 	0 	0 	0 	0 	0 	0 	0 	0 	0 	0 	0 	0 	1160 	1160 	18 	54 
#record	110 	212 	225 	213 	109 	203 	203 	1564 	329 	455 	2341 	427 	326 	0 	0 	0 	0 	0 	0 	0 	0 	0 	0 	0 	0 	0 	0 	0 	0 	1170 	1170 	18 	54 
#record	111 	213 	227 	215 	110 	205 	205 	1581 	332 	460 	2362 	430 	330 	0 	0 	0 	0 	0 	0 	0 	0 	0 	0 	0 	0 	0 	0 	0 	0 	1180 	1180 	18 	55 
#record	112 	215 	230 	217 	111 	207 	207 	1597 	335 	465 	2388 	435 	333 	0 	0 	0 	0 	0 	0 	0 	0 	0 	0 	0 	0 	0 	0 	0 	0 	1190 	1190 	18 	55 
#record	113 	217 	232 	219 	112 	209 	209 	1614 	339 	471 	2409 	439 	337 	0 	0 	0 	0 	0 	0 	0 	0 	0 	0 	0 	0 	0 	0 	0 	0 	1200 	1200 	19 	56 
#record	114 	218 	234 	221 	113 	211 	211 	1628 	342 	476 	2435 	443 	341 	0 	0 	0 	0 	0 	0 	0 	0 	0 	0 	0 	0 	0 	0 	0 	0 	1210 	1210 	19 	56 
#record	115 	221 	236 	222 	114 	212 	212 	1644 	345 	481 	2456 	447 	345 	0 	0 	0 	0 	0 	0 	0 	0 	0 	0 	0 	0 	0 	0 	0 	0 	1220 	1220 	19 	57 
#record	116 	223 	238 	224 	115 	214 	214 	1661 	348 	487 	2482 	452 	349 	0 	0 	0 	0 	0 	0 	0 	0 	0 	0 	0 	0 	0 	0 	0 	0 	1230 	1230 	19 	57 
#record	117 	224 	239 	226 	116 	216 	216 	1675 	351 	492 	2504 	456 	352 	0 	0 	0 	0 	0 	0 	0 	0 	0 	0 	0 	0 	0 	0 	0 	0 	1240 	1240 	19 	58 
#record	118 	226 	241 	228 	117 	218 	218 	1692 	355 	497 	2529 	460 	356 	0 	0 	0 	0 	0 	0 	0 	0 	0 	0 	0 	0 	0 	0 	0 	0 	1250 	1250 	19 	58 
#record	119 	228 	243 	230 	118 	220 	220 	1708 	358 	502 	2551 	464 	360 	0 	0 	0 	0 	0 	0 	0 	0 	0 	0 	0 	0 	0 	0 	0 	0 	1260 	1260 	20 	59 
#record	120 	230 	245 	231 	119 	221 	221 	1725 	362 	508 	2576 	469 	364 	0 	0 	0 	0 	0 	0 	0 	0 	0 	0 	0 	0 	0 	0 	0 	0 	1270 	1270 	20 	60 
#record	121 	232 	247 	233 	120 	223 	223 	1739 	364 	513 	2598 	472 	367 	0 	0 	0 	0 	0 	0 	0 	0 	0 	0 	0 	0 	0 	0 	0 	0 	1280 	1280 	20 	60 
#record	122 	234 	250 	235 	121 	225 	225 	1755 	368 	518 	2623 	477 	371 	0 	0 	0 	0 	0 	0 	0 	0 	0 	0 	0 	0 	0 	0 	0 	0 	1290 	1290 	20 	61 
#record	123 	235 	252 	237 	122 	227 	227 	1772 	371 	524 	2645 	481 	375 	0 	0 	0 	0 	0 	0 	0 	0 	0 	0 	0 	0 	0 	0 	0 	0 	1300 	1300 	20 	61 
#record	124 	237 	254 	239 	123 	229 	229 	1789 	375 	529 	2670 	485 	379 	0 	0 	0 	0 	0 	0 	0 	0 	0 	0 	0 	0 	0 	0 	0 	0 	1310 	1310 	20 	62 
#record	125 	240 	256 	240 	124 	230 	230 	1803 	377 	534 	2696 	490 	383 	0 	0 	0 	0 	0 	0 	0 	0 	0 	0 	0 	0 	0 	0 	0 	0 	1320 	1320 	21 	62 
#record	126 	241 	257 	242 	125 	232 	232 	1819 	381 	539 	2717 	494 	386 	0 	0 	0 	0 	0 	0 	0 	0 	0 	0 	0 	0 	0 	0 	0 	0 	1330 	1330 	21 	63 
#record	127 	243 	259 	244 	126 	234 	234 	1836 	384 	545 	2743 	498 	390 	0 	0 	0 	0 	0 	0 	0 	0 	0 	0 	0 	0 	0 	0 	0 	0 	1340 	1340 	21 	63 
#record	128 	245 	261 	246 	127 	236 	236 	1850 	387 	550 	2764 	502 	394 	0 	0 	0 	0 	0 	0 	0 	0 	0 	0 	0 	0 	0 	0 	0 	0 	1350 	1350 	21 	64 
#record	129 	247 	263 	248 	128 	238 	238 	1866 	390 	555 	2790 	507 	398 	0 	0 	0 	0 	0 	0 	0 	0 	0 	0 	0 	0 	0 	0 	0 	0 	1360 	1360 	21 	64 
#record	130 	249 	265 	249 	129 	239 	239 	1883 	394 	561 	2811 	511 	402 	0 	0 	0 	0 	0 	0 	0 	0 	0 	0 	0 	0 	0 	0 	0 	0 	1370 	1370 	21 	65 
#record	131 	251 	267 	251 	130 	241 	241 	1900 	397 	566 	2837 	515 	405 	0 	0 	0 	0 	0 	0 	0 	0 	0 	0 	0 	0 	0 	0 	0 	0 	1380 	1380 	21 	65 
#record	132 	252 	270 	253 	131 	243 	243 	1914 	400 	571 	2859 	519 	409 	0 	0 	0 	0 	0 	0 	0 	0 	0 	0 	0 	0 	0 	0 	0 	0 	1390 	1390 	22 	66 
#record	133 	254 	272 	255 	132 	245 	245 	1930 	403 	576 	2884 	524 	413 	0 	0 	0 	0 	0 	0 	0 	0 	0 	0 	0 	0 	0 	0 	0 	0 	1400 	1400 	22 	66 
#record	134 	256 	274 	257 	133 	247 	247 	1947 	407 	582 	2906 	527 	417 	0 	0 	0 	0 	0 	0 	0 	0 	0 	0 	0 	0 	0 	0 	0 	0 	1410 	1410 	22 	67 
#record	135 	258 	276 	258 	134 	248 	248 	1963 	410 	587 	2931 	532 	420 	0 	0 	0 	0 	0 	0 	0 	0 	0 	0 	0 	0 	0 	0 	0 	0 	1420 	1420 	22 	67 
#record	136 	260 	277 	260 	135 	250 	250 	1977 	413 	592 	2953 	536 	424 	0 	0 	0 	0 	0 	0 	0 	0 	0 	0 	0 	0 	0 	0 	0 	0 	1430 	1430 	22 	68 
#record	137 	262 	279 	262 	136 	252 	252 	1994 	416 	597 	2978 	540 	428 	0 	0 	0 	0 	0 	0 	0 	0 	0 	0 	0 	0 	0 	0 	0 	0 	1440 	1440 	22 	68 
#record	138 	264 	281 	264 	137 	254 	254 	2011 	420 	603 	3000 	544 	432 	0 	0 	0 	0 	0 	0 	0 	0 	0 	0 	0 	0 	0 	0 	0 	0 	1450 	1450 	23 	69 
#record	139 	265 	283 	266 	138 	256 	256 	2025 	423 	608 	3025 	549 	436 	0 	0 	0 	0 	0 	0 	0 	0 	0 	0 	0 	0 	0 	0 	0 	0 	1460 	1460 	23 	69 
#record	140 	268 	285 	267 	139 	257 	257 	2041 	426 	613 	3051 	553 	439 	0 	0 	0 	0 	0 	0 	0 	0 	0 	0 	0 	0 	0 	0 	0 	0 	1470 	1470 	23 	70 
#record	141 	269 	287 	269 	140 	259 	259 	2058 	429 	619 	3072 	557 	443 	0 	0 	0 	0 	0 	0 	0 	0 	0 	0 	0 	0 	0 	0 	0 	0 	1480 	1480 	23 	70 
#record	142 	271 	290 	271 	141 	261 	261 	2074 	433 	624 	3098 	562 	447 	0 	0 	0 	0 	0 	0 	0 	0 	0 	0 	0 	0 	0 	0 	0 	0 	1490 	1490 	23 	71 
#record	143 	273 	292 	273 	142 	263 	263 	2088 	436 	629 	3119 	566 	451 	0 	0 	0 	0 	0 	0 	0 	0 	0 	0 	0 	0 	0 	0 	0 	0 	1500 	1500 	23 	71 
#record	144 	275 	294 	275 	143 	265 	265 	2105 	439 	634 	3145 	570 	455 	0 	0 	0 	0 	0 	0 	0 	0 	0 	0 	0 	0 	0 	0 	0 	0 	1510 	1510 	24 	72 
#record	145 	277 	295 	276 	144 	266 	266 	2122 	442 	640 	3167 	574 	458 	0 	0 	0 	0 	0 	0 	0 	0 	0 	0 	0 	0 	0 	0 	0 	0 	1520 	1520 	24 	72 
#record	146 	279 	297 	278 	145 	268 	268 	2138 	446 	645 	3192 	579 	462 	0 	0 	0 	0 	0 	0 	0 	0 	0 	0 	0 	0 	0 	0 	0 	0 	1530 	1530 	24 	73 
#record	147 	281 	299 	280 	146 	270 	270 	2152 	449 	650 	3214 	582 	466 	0 	0 	0 	0 	0 	0 	0 	0 	0 	0 	0 	0 	0 	0 	0 	0 	1540 	1540 	24 	73 
#record	148 	282 	301 	282 	147 	272 	272 	2169 	452 	656 	3239 	587 	470 	0 	0 	0 	0 	0 	0 	0 	0 	0 	0 	0 	0 	0 	0 	0 	0 	1550 	1550 	24 	74 
#record	149 	284 	303 	284 	148 	274 	274 	2185 	455 	661 	3261 	591 	473 	0 	0 	0 	0 	0 	0 	0 	0 	0 	0 	0 	0 	0 	0 	0 	0 	1560 	1560 	24 	74 
#record	150 	286 	305 	285 	149 	275 	275 	2199 	458 	666 	3286 	595 	477 	0 	0 	0 	0 	0 	0 	0 	0 	0 	0 	0 	0 	0 	0 	0 	0 	1570 	1570 	24 	75 
																																	
#end																																	
