
#ignore	\o042			
#exchange	#	\x20		

#table	Param																																		
#columntype	Dword	Dword	Dword	Dword	Dword	Dword	Dword	Dword	Dword	Dword	Dword	Dword	Dword	Dword	Dword	Dword	Dword	Dword	Dword	Dword	Dword	Dword	Dword	Dword	Dword	Dword	Dword	Dword	Dword	Word	Word	DWord	DWord		
#columnname	Level	Strength	Constitution	Intelligence	Wizdom	Dexterity	MentalPower	SoulHP	MAXSoulHP	PriceHPStone	SoulSP	MAXSoulSP	PriceSPStone	AtkPerAP	DmgPerAP	MaxPwrStone	NumPwrStone	PricePwrStone	PwrStoneWC	PwrStoneMA	MaxGrdStone	NumGrdStone	PriceGrdStone	GrdStoneAC	GrdStoneMR	PainRes	RestraintRes	CurseRes	ShockRes	MaxHP	MaxSP	CharTitlePt	SkillPwrPt		
#record	1 	9 	10 	9 	0 	9 	9 	32 	15 	3 	25 	11 	1 	0 	0 	0 	0 	0 	0 	0 	0 	0 	0 	0 	0 	0 	0 	0 	0 	80 	80 	1 	0 		
#record	2 	10 	11 	10 	1 	10 	10 	36 	14 	4 	39 	12 	2 	0 	0 	0 	0 	0 	0 	0 	0 	0 	0 	0 	0 	0 	0 	0 	0 	90 	90 	1 	0 		
#record	3 	11 	12 	11 	2 	11 	11 	46 	15 	5 	56 	13 	3 	0 	0 	0 	0 	0 	0 	0 	0 	0 	0 	0 	0 	0 	0 	0 	0 	100 	100 	1 	1 		
#record	4 	13 	14 	13 	3 	13 	13 	53 	15 	6 	70 	14 	3 	0 	0 	0 	0 	0 	0 	0 	0 	0 	0 	0 	0 	0 	0 	0 	0 	110 	110 	1 	1 		
#record	5 	15 	16 	14 	4 	14 	14 	65 	16 	7 	83 	15 	4 	0 	0 	0 	0 	0 	0 	0 	0 	0 	0 	0 	0 	0 	0 	0 	0 	120 	120 	1 	2 		
#record	6 	17 	18 	16 	5 	16 	16 	75 	17 	8 	101 	17 	4 	0 	0 	0 	0 	0 	0 	0 	0 	0 	0 	0 	0 	0 	0 	0 	0 	130 	130 	2 	2 		
#record	7 	19 	20 	18 	6 	18 	18 	88 	18 	9 	114 	18 	5 	0 	0 	0 	0 	0 	0 	0 	0 	0 	0 	0 	0 	0 	0 	0 	0 	140 	140 	2 	3 		
#record	8 	20 	22 	20 	7 	20 	20 	97 	19 	11 	132 	20 	6 	0 	0 	0 	0 	0 	0 	0 	0 	0 	0 	0 	0 	0 	0 	0 	0 	150 	150 	2 	3 		
#record	9 	22 	24 	22 	8 	22 	22 	110 	20 	12 	145 	21 	6 	0 	0 	0 	0 	0 	0 	0 	0 	0 	0 	0 	0 	0 	0 	0 	0 	160 	160 	2 	4 		
#record	10 	25 	26 	23 	9 	23 	23 	120 	21 	13 	159 	22 	7 	0 	0 	0 	0 	0 	0 	0 	0 	0 	0 	0 	0 	0 	0 	0 	0 	170 	170 	2 	4 		
#record	11 	26 	28 	25 	10 	25 	25 	133 	22 	14 	176 	23 	7 	0 	0 	0 	0 	0 	0 	0 	0 	0 	0 	0 	0 	0 	0 	0 	0 	180 	180 	2 	5 		
#record	12 	28 	30 	27 	11 	27 	27 	143 	23 	15 	190 	24 	8 	0 	0 	0 	0 	0 	0 	0 	0 	0 	0 	0 	0 	0 	0 	0 	0 	190 	190 	3 	5 		
#record	13 	30 	32 	29 	12 	29 	29 	156 	24 	16 	207 	26 	9 	0 	0 	0 	0 	0 	0 	0 	0 	0 	0 	0 	0 	0 	0 	0 	0 	200 	200 	3 	6 		
#record	14 	31 	34 	31 	13 	31 	31 	165 	25 	17 	221 	27 	9 	0 	0 	0 	0 	0 	0 	0 	0 	0 	0 	0 	0 	0 	0 	0 	0 	210 	210 	3 	6 		
#record	15 	34 	36 	32 	14 	32 	32 	179 	27 	18 	239 	28 	10 	0 	0 	0 	0 	0 	0 	0 	0 	0 	0 	0 	0 	0 	0 	0 	0 	220 	220 	3 	7 		
#record	16 	36 	38 	34 	15 	34 	34 	188 	27 	19 	252 	30 	10 	0 	0 	0 	0 	0 	0 	0 	0 	0 	0 	0 	0 	0 	0 	0 	0 	230 	230 	3 	7 		
#record	17 	37 	40 	36 	16 	36 	36 	201 	29 	20 	266 	31 	11 	0 	0 	0 	0 	0 	0 	0 	0 	0 	0 	0 	0 	0 	0 	0 	0 	240 	240 	3 	8 		
#record	18 	39 	42 	38 	17 	38 	38 	210 	30 	22 	283 	32 	12 	0 	0 	0 	0 	0 	0 	0 	0 	0 	0 	0 	0 	0 	0 	0 	0 	250 	250 	4 	8 		
#record	19 	41 	44 	40 	18 	40 	40 	223 	31 	23 	297 	33 	12 	0 	0 	0 	0 	0 	0 	0 	0 	0 	0 	0 	0 	0 	0 	0 	0 	260 	260 	4 	9 		
#record	20 	43 	46 	41 	19 	41 	41 	239 	44 	26 	318 	35 	14 	0 	0 	0 	0 	0 	0 	0 	0 	0 	0 	0 	0 	0 	0 	0 	0 	270 	270 	4 	9 		
#record	21 	45 	48 	43 	20 	43 	43 	255 	46 	29 	340 	37 	16 	0 	0 	0 	0 	0 	0 	0 	0 	0 	0 	0 	0 	0 	0 	0 	0 	280 	280 	4 	10 		
#record	22 	47 	50 	45 	21 	45 	45 	271 	53 	30 	361 	39 	18 	0 	0 	0 	0 	0 	0 	0 	0 	0 	0 	0 	0 	0 	0 	0 	0 	290 	290 	4 	10 		
#record	23 	48 	52 	47 	22 	47 	47 	287 	55 	31 	379 	40 	19 	0 	0 	0 	0 	0 	0 	0 	0 	0 	0 	0 	0 	0 	0 	0 	0 	300 	300 	4 	11 		
#record	24 	50 	54 	49 	23 	49 	49 	303 	64 	31 	400 	42 	21 	0 	0 	0 	0 	0 	0 	0 	0 	0 	0 	0 	0 	0 	0 	0 	0 	310 	310 	4 	11 		
#record	25 	53 	56 	50 	24 	50 	50 	318 	66 	34 	422 	44 	23 	0 	0 	0 	0 	0 	0 	0 	0 	0 	0 	0 	0 	0 	0 	0 	0 	320 	320 	5 	12 		
#record	26 	54 	58 	52 	25 	52 	52 	334 	69 	36 	443 	45 	25 	0 	0 	0 	0 	0 	0 	0 	0 	0 	0 	0 	0 	0 	0 	0 	0 	330 	330 	5 	12 		
#record	27 	56 	60 	54 	26 	54 	54 	350 	81 	39 	465 	92 	27 	0 	0 	0 	0 	0 	0 	0 	0 	0 	0 	0 	0 	0 	0 	0 	0 	340 	340 	5 	13 		
#record	28 	58 	62 	56 	27 	56 	56 	366 	84 	42 	486 	95 	28 	0 	0 	0 	0 	0 	0 	0 	0 	0 	0 	0 	0 	0 	0 	0 	0 	350 	350 	5 	13 		
#record	29 	60 	64 	58 	28 	58 	58 	381 	87 	44 	504 	99 	30 	0 	0 	0 	0 	0 	0 	0 	0 	0 	0 	0 	0 	0 	0 	0 	0 	360 	360 	5 	14 		
#record	30 	62 	66 	59 	29 	59 	59 	397 	91 	47 	526 	102 	32 	0 	0 	0 	0 	0 	0 	0 	0 	0 	0 	0 	0 	0 	0 	0 	0 	370 	370 	5 	14 		
#record	31 	64 	67 	61 	30 	61 	61 	412 	94 	50 	547 	106 	34 	0 	0 	0 	0 	0 	0 	0 	0 	0 	0 	0 	0 	0 	0 	0 	0 	380 	380 	6 	15 		
#record	32 	65 	70 	63 	31 	63 	63 	427 	97 	52 	569 	110 	36 	0 	0 	0 	0 	0 	0 	0 	0 	0 	0 	0 	0 	0 	0 	0 	0 	390 	390 	6 	15 		
#record	33 	67 	72 	65 	32 	65 	65 	443 	100 	55 	590 	114 	37 	0 	0 	0 	0 	0 	0 	0 	0 	0 	0 	0 	0 	0 	0 	0 	0 	400 	400 	6 	16 		
#record	34 	69 	74 	67 	33 	67 	67 	458 	103 	58 	612 	118 	39 	0 	0 	0 	0 	0 	0 	0 	0 	0 	0 	0 	0 	0 	0 	0 	0 	410 	410 	6 	16 		
#record	35 	71 	76 	68 	34 	68 	68 	473 	106 	60 	629 	121 	41 	0 	0 	0 	0 	0 	0 	0 	0 	0 	0 	0 	0 	0 	0 	0 	0 	420 	420 	6 	17 		
#record	36 	73 	78 	70 	35 	70 	70 	488 	109 	63 	651 	125 	43 	0 	0 	0 	0 	0 	0 	0 	0 	0 	0 	0 	0 	0 	0 	0 	0 	430 	430 	6 	17 		
#record	37 	75 	80 	72 	36 	72 	72 	503 	112 	66 	672 	129 	45 	0 	0 	0 	0 	0 	0 	0 	0 	0 	0 	0 	0 	0 	0 	0 	0 	440 	440 	7 	18 		
#record	38 	77 	82 	74 	37 	74 	74 	518 	115 	68 	694 	132 	46 	0 	0 	0 	0 	0 	0 	0 	0 	0 	0 	0 	0 	0 	0 	0 	0 	450 	450 	7 	18 		
#record	39 	78 	84 	76 	38 	76 	76 	530 	118 	71 	715 	136 	48 	0 	0 	0 	0 	0 	0 	0 	0 	0 	0 	0 	0 	0 	0 	0 	0 	460 	460 	7 	19 		
#record	40 	81 	86 	77 	39 	77 	77 	545 	121 	73 	737 	140 	50 	0 	0 	0 	0 	0 	0 	0 	0 	0 	0 	0 	0 	0 	0 	0 	0 	470 	470 	7 	19 		
#record	41 	82 	87 	79 	40 	79 	79 	560 	124 	76 	754 	143 	52 	0 	0 	0 	0 	0 	0 	0 	0 	0 	0 	0 	0 	0 	0 	0 	0 	480 	480 	7 	20 		
#record	42 	84 	90 	81 	41 	81 	81 	574 	127 	79 	776 	147 	54 	0 	0 	0 	0 	0 	0 	0 	0 	0 	0 	0 	0 	0 	0 	0 	0 	490 	490 	7 	20 		
#record	43 	86 	92 	83 	42 	83 	83 	589 	130 	81 	797 	151 	55 	0 	0 	0 	0 	0 	0 	0 	0 	0 	0 	0 	0 	0 	0 	0 	0 	500 	500 	7 	21 		
#record	44 	88 	94 	85 	43 	85 	85 	604 	133 	84 	819 	155 	57 	0 	0 	0 	0 	0 	0 	0 	0 	0 	0 	0 	0 	0 	0 	0 	0 	510 	510 	8 	21 		
#record	45 	90 	96 	86 	44 	86 	86 	618 	136 	87 	841 	159 	59 	0 	0 	0 	0 	0 	0 	0 	0 	0 	0 	0 	0 	0 	0 	0 	0 	520 	520 	8 	22 		
#record	46 	92 	98 	88 	45 	88 	88 	633 	139 	89 	862 	163 	61 	0 	0 	0 	0 	0 	0 	0 	0 	0 	0 	0 	0 	0 	0 	0 	0 	530 	530 	8 	22 		
#record	47 	94 	100 	90 	46 	90 	90 	647 	142 	92 	880 	166 	63 	0 	0 	0 	0 	0 	0 	0 	0 	0 	0 	0 	0 	0 	0 	0 	0 	540 	540 	8 	23 		
#record	48 	95 	102 	92 	47 	92 	92 	661 	145 	95 	901 	170 	65 	0 	0 	0 	0 	0 	0 	0 	0 	0 	0 	0 	0 	0 	0 	0 	0 	550 	550 	8 	23 		
#record	49 	97 	104 	94 	48 	94 	94 	676 	148 	97 	923 	173 	66 	0 	0 	0 	0 	0 	0 	0 	0 	0 	0 	0 	0 	0 	0 	0 	0 	560 	560 	8 	24 		
#record	50 	99 	105 	95 	49 	95 	95 	690 	150 	100 	944 	177 	68 	0 	0 	0 	0 	0 	0 	0 	0 	0 	0 	0 	0 	0 	0 	0 	0 	570 	570 	9 	24 		
#record	51 	101 	107 	97 	50 	97 	97 	704 	153 	115 	966 	181 	80 	0 	0 	0 	0 	0 	0 	0 	0 	0 	0 	0 	0 	0 	0 	0 	0 	580 	580 	9 	25 		
#record	52 	103 	110 	99 	51 	99 	99 	718 	156 	118 	983 	184 	82 	0 	0 	0 	0 	0 	0 	0 	0 	0 	0 	0 	0 	0 	0 	0 	0 	590 	590 	9 	25 		
#record	53 	105 	112 	101 	52 	101 	101 	732 	159 	121 	1005 	188 	84 	0 	0 	0 	0 	0 	0 	0 	0 	0 	0 	0 	0 	0 	0 	0 	0 	600 	600 	9 	26 		
#record	54 	106 	114 	103 	53 	103 	103 	746 	162 	124 	1026 	192 	86 	0 	0 	0 	0 	0 	0 	0 	0 	0 	0 	0 	0 	0 	0 	0 	0 	610 	610 	9 	26 		
#record	55 	109 	116 	104 	54 	104 	104 	760 	165 	127 	1048 	196 	88 	0 	0 	0 	0 	0 	0 	0 	0 	0 	0 	0 	0 	0 	0 	0 	0 	620 	620 	9 	27 		
#record	56 	111 	118 	106 	55 	106 	106 	774 	168 	130 	1069 	200 	90 	0 	0 	0 	0 	0 	0 	0 	0 	0 	0 	0 	0 	0 	0 	0 	0 	630 	630 	10 	27 		
#record	57 	112 	120 	108 	56 	108 	108 	788 	170 	133 	1091 	203 	92 	0 	0 	0 	0 	0 	0 	0 	0 	0 	0 	0 	0 	0 	0 	0 	0 	640 	640 	10 	28 		
#record	58 	114 	122 	110 	57 	110 	110 	802 	173 	136 	1109 	207 	94 	0 	0 	0 	0 	0 	0 	0 	0 	0 	0 	0 	0 	0 	0 	0 	0 	650 	650 	10 	28 		
#record	59 	116 	124 	112 	58 	112 	112 	815 	176 	139 	1130 	210 	97 	0 	0 	0 	0 	0 	0 	0 	0 	0 	0 	0 	0 	0 	0 	0 	0 	660 	660 	10 	29 		
#record	60 	118 	125 	113 	59 	113 	113 	832 	179 	191 	1156 	215 	137 	0 	0 	0 	0 	0 	0 	0 	0 	0 	0 	0 	0 	0 	0 	0 	0 	670 	670 	10 	29 		
#record	61 	120 	127 	115 	60 	115 	115 	849 	183 	196 	1177 	219 	140 	0 	0 	0 	0 	0 	0 	0 	0 	0 	0 	0 	0 	0 	0 	0 	0 	680 	680 	10 	30 		
#record	62 	122 	130 	117 	61 	117 	117 	862 	186 	201 	1203 	223 	144 	0 	0 	0 	0 	0 	0 	0 	0 	0 	0 	0 	0 	0 	0 	0 	0 	690 	690 	11 	30 		
#record	63 	123 	132 	119 	62 	119 	119 	878 	189 	207 	1224 	227 	148 	0 	0 	0 	0 	0 	0 	0 	0 	0 	0 	0 	0 	0 	0 	0 	0 	700 	700 	11 	31 		
#record	64 	125 	134 	121 	63 	121 	121 	895 	192 	212 	1250 	232 	152 	0 	0 	0 	0 	0 	0 	0 	0 	0 	0 	0 	0 	0 	0 	0 	0 	710 	710 	11 	31 		
#record	65 	128 	136 	122 	64 	122 	122 	911 	196 	217 	1271 	236 	156 	0 	0 	0 	0 	0 	0 	0 	0 	0 	0 	0 	0 	0 	0 	0 	0 	720 	720 	11 	32 		
#record	66 	129 	138 	124 	65 	124 	124 	924 	198 	223 	1297 	240 	159 	0 	0 	0 	0 	0 	0 	0 	0 	0 	0 	0 	0 	0 	0 	0 	0 	730 	730 	11 	32 		
#record	67 	131 	140 	126 	66 	126 	126 	940 	201 	228 	1322 	245 	163 	0 	0 	0 	0 	0 	0 	0 	0 	0 	0 	0 	0 	0 	0 	0 	0 	740 	740 	11 	33 		
#record	68 	133 	142 	128 	67 	128 	128 	956 	205 	233 	1344 	249 	167 	0 	0 	0 	0 	0 	0 	0 	0 	0 	0 	0 	0 	0 	0 	0 	0 	750 	750 	11 	33 		
#record	69 	134 	143 	130 	68 	130 	130 	969 	207 	238 	1369 	253 	171 	0 	0 	0 	0 	0 	0 	0 	0 	0 	0 	0 	0 	0 	0 	0 	0 	760 	760 	12 	34 		
#record	70 	137 	145 	131 	69 	131 	131 	985 	211 	244 	1391 	257 	175 	0 	0 	0 	0 	0 	0 	0 	0 	0 	0 	0 	0 	0 	0 	0 	0 	770 	770 	12 	34 		
#record	71 	139 	147 	133 	70 	133 	133 	1001 	214 	249 	1416 	262 	178 	0 	0 	0 	0 	0 	0 	0 	0 	0 	0 	0 	0 	0 	0 	0 	0 	780 	780 	12 	35 		
#record	72 	140 	150 	135 	71 	135 	135 	1016 	217 	254 	1438 	265 	182 	0 	0 	0 	0 	0 	0 	0 	0 	0 	0 	0 	0 	0 	0 	0 	0 	790 	790 	12 	35 		
#record	73 	142 	152 	137 	72 	137 	137 	1029 	220 	260 	1464 	270 	186 	0 	0 	0 	0 	0 	0 	0 	0 	0 	0 	0 	0 	0 	0 	0 	0 	800 	800 	12 	36 		
#record	74 	144 	154 	139 	73 	139 	139 	1045 	223 	265 	1485 	274 	190 	0 	0 	0 	0 	0 	0 	0 	0 	0 	0 	0 	0 	0 	0 	0 	0 	810 	810 	12 	36 		
#record	75 	146 	156 	140 	74 	140 	140 	1060 	226 	270 	1511 	278 	193 	0 	0 	0 	0 	0 	0 	0 	0 	0 	0 	0 	0 	0 	0 	0 	0 	820 	820 	13 	37 		
#record	76 	148 	158 	142 	75 	142 	142 	1075 	229 	275 	1532 	282 	197 	0 	0 	0 	0 	0 	0 	0 	0 	0 	0 	0 	0 	0 	0 	0 	0 	830 	830 	13 	37 		
#record	77 	150 	160 	144 	76 	144 	144 	1088 	232 	281 	1558 	287 	201 	0 	0 	0 	0 	0 	0 	0 	0 	0 	0 	0 	0 	0 	0 	0 	0 	840 	840 	13 	38 		
#record	78 	151 	162 	146 	77 	146 	146 	1103 	235 	286 	1579 	291 	205 	0 	0 	0 	0 	0 	0 	0 	0 	0 	0 	0 	0 	0 	0 	0 	0 	850 	850 	13 	38 		
#record	79 	153 	163 	148 	78 	148 	148 	1118 	238 	291 	1605 	295 	209 	0 	0 	0 	0 	0 	0 	0 	0 	0 	0 	0 	0 	0 	0 	0 	0 	860 	860 	13 	39 		
#record	80 	156 	165 	149 	79 	149 	149 	1130 	240 	297 	1626 	299 	212 	0 	0 	0 	0 	0 	0 	0 	0 	0 	0 	0 	0 	0 	0 	0 	0 	870 	870 	13 	39 		
#record	81 	157 	167 	151 	80 	151 	151 	1145 	243 	302 	1652 	304 	216 	0 	0 	0 	0 	0 	0 	0 	0 	0 	0 	0 	0 	0 	0 	0 	0 	880 	880 	14 	40 		
#record	82 	159 	170 	153 	81 	153 	153 	1160 	246 	307 	1677 	308 	220 	0 	0 	0 	0 	0 	0 	0 	0 	0 	0 	0 	0 	0 	0 	0 	0 	890 	890 	14 	40 		
#record	83 	161 	172 	155 	82 	155 	155 	1175 	249 	312 	1699 	312 	224 	0 	0 	0 	0 	0 	0 	0 	0 	0 	0 	0 	0 	0 	0 	0 	0 	900 	900 	14 	41 		
#record	84 	162 	174 	157 	83 	157 	157 	1187 	252 	318 	1724 	317 	227 	0 	0 	0 	0 	0 	0 	0 	0 	0 	0 	0 	0 	0 	0 	0 	0 	910 	910 	14 	41 		
#record	85 	165 	176 	158 	84 	158 	158 	1201 	255 	323 	1746 	320 	231 	0 	0 	0 	0 	0 	0 	0 	0 	0 	0 	0 	0 	0 	0 	0 	0 	920 	920 	14 	42 		
#record	86 	167 	178 	160 	85 	160 	160 	1216 	258 	328 	1771 	325 	235 	0 	0 	0 	0 	0 	0 	0 	0 	0 	0 	0 	0 	0 	0 	0 	0 	930 	930 	14 	42 		
#record	87 	168 	180 	162 	86 	162 	162 	1230 	261 	333 	1793 	329 	239 	0 	0 	0 	0 	0 	0 	0 	0 	0 	0 	0 	0 	0 	0 	0 	0 	940 	940 	14 	43 		
#record	88 	170 	181 	164 	87 	164 	164 	1242 	263 	339 	1819 	333 	243 	0 	0 	0 	0 	0 	0 	0 	0 	0 	0 	0 	0 	0 	0 	0 	0 	950 	950 	15 	43 		
#record	89 	172 	183 	166 	88 	166 	166 	1256 	266 	344 	1840 	337 	246 	0 	0 	0 	0 	0 	0 	0 	0 	0 	0 	0 	0 	0 	0 	0 	0 	960 	960 	15 	44 		
#record	90 	174 	185 	167 	89 	167 	167 	1270 	269 	349 	1866 	342 	250 	0 	0 	0 	0 	0 	0 	0 	0 	0 	0 	0 	0 	0 	0 	0 	0 	970 	970 	15 	44 		
#record	91 	176 	187 	169 	90 	169 	169 	1282 	271 	355 	1887 	346 	254 	0 	0 	0 	0 	0 	0 	0 	0 	0 	0 	0 	0 	0 	0 	0 	0 	980 	980 	15 	45 		
#record	92 	178 	190 	171 	91 	171 	171 	1296 	274 	360 	1913 	350 	258 	0 	0 	0 	0 	0 	0 	0 	0 	0 	0 	0 	0 	0 	0 	0 	0 	990 	990 	15 	45 		
#record	93 	179 	192 	173 	92 	173 	173 	1310 	277 	365 	1934 	354 	262 	0 	0 	0 	0 	0 	0 	0 	0 	0 	0 	0 	0 	0 	0 	0 	0 	1000 	1000 	15 	46 		
#record	94 	181 	194 	175 	93 	175 	175 	1324 	280 	370 	1960 	359 	265 	0 	0 	0 	0 	0 	0 	0 	0 	0 	0 	0 	0 	0 	0 	0 	0 	1010 	1010 	16 	46 		
#record	95 	184 	196 	176 	94 	176 	176 	1335 	282 	376 	1981 	362 	269 	0 	0 	0 	0 	0 	0 	0 	0 	0 	0 	0 	0 	0 	0 	0 	0 	1020 	1020 	16 	47 		
#record	96 	185 	198 	178 	95 	178 	178 	1349 	285 	381 	2007 	367 	273 	0 	0 	0 	0 	0 	0 	0 	0 	0 	0 	0 	0 	0 	0 	0 	0 	1030 	1030 	16 	47 		
#record	97 	187 	200 	180 	96 	180 	180 	1362 	288 	386 	2032 	372 	277 	0 	0 	0 	0 	0 	0 	0 	0 	0 	0 	0 	0 	0 	0 	0 	0 	1040 	1040 	16 	48 		
#record	98 	189 	201 	182 	97 	182 	182 	1378 	291 	392 	2054 	375 	280 	0 	0 	0 	0 	0 	0 	0 	0 	0 	0 	0 	0 	0 	0 	0 	0 	1050 	1050 	16 	48 		
#record	99 	190 	203 	184 	98 	184 	184 	1391 	293 	397 	2079 	380 	284 	0 	0 	0 	0 	0 	0 	0 	0 	0 	0 	0 	0 	0 	0 	0 	0 	1060 	1060 	16 	49 		
#record	100 	193 	205 	185 	99 	185 	185 	1406 	297 	402 	2101 	384 	288 	0 	0 	0 	0 	0 	0 	0 	0 	0 	0 	0 	0 	0 	0 	0 	0 	1070 	1070 	17 	49 		
#record	101 	195 	207 	187 	100 	187 	187 	1422 	300 	407 	2126 	388 	292 	0 	0 	0 	0 	0 	0 	0 	0 	0 	0 	0 	0 	0 	0 	0 	0 	1080 	1080 	17 	50 		
#record	102 	196 	210 	189 	101 	189 	189 	1436 	303 	413 	2148 	392 	296 	0 	0 	0 	0 	0 	0 	0 	0 	0 	0 	0 	0 	0 	0 	0 	0 	1090 	1090 	17 	50 		
#record	103 	198 	212 	191 	102 	191 	191 	1453 	306 	418 	2174 	397 	299 	0 	0 	0 	0 	0 	0 	0 	0 	0 	0 	0 	0 	0 	0 	0 	0 	1100 	1100 	17 	51 		
#record	104 	200 	214 	193 	103 	193 	193 	1469 	309 	423 	2195 	401 	303 	0 	0 	0 	0 	0 	0 	0 	0 	0 	0 	0 	0 	0 	0 	0 	0 	1110 	1110 	17 	51 		
#record	105 	202 	216 	194 	104 	194 	194 	1486 	313 	429 	2221 	405 	307 	0 	0 	0 	0 	0 	0 	0 	0 	0 	0 	0 	0 	0 	0 	0 	0 	1120 	1120 	17 	52 		
#record	106 	204 	218 	196 	105 	196 	196 	1500 	316 	434 	2242 	409 	311 	0 	0 	0 	0 	0 	0 	0 	0 	0 	0 	0 	0 	0 	0 	0 	0 	1130 	1130 	17 	52 		
#record	107 	206 	219 	198 	106 	198 	198 	1516 	319 	439 	2268 	414 	315 	0 	0 	0 	0 	0 	0 	0 	0 	0 	0 	0 	0 	0 	0 	0 	0 	1140 	1140 	18 	53 		
#record	108 	207 	221 	200 	107 	200 	200 	1533 	322 	444 	2289 	417 	318 	0 	0 	0 	0 	0 	0 	0 	0 	0 	0 	0 	0 	0 	0 	0 	0 	1150 	1150 	18 	53 		
#record	109 	209 	223 	202 	108 	202 	202 	1550 	326 	450 	2315 	422 	322 	0 	0 	0 	0 	0 	0 	0 	0 	0 	0 	0 	0 	0 	0 	0 	0 	1160 	1160 	18 	54 		
#record	110 	212 	225 	203 	109 	203 	203 	1564 	329 	455 	2340 	427 	326 	0 	0 	0 	0 	0 	0 	0 	0 	0 	0 	0 	0 	0 	0 	0 	0 	1170 	1170 	18 	54 		
#record	111 	213 	227 	205 	110 	205 	205 	1580 	332 	460 	2362 	430 	330 	0 	0 	0 	0 	0 	0 	0 	0 	0 	0 	0 	0 	0 	0 	0 	0 	1180 	1180 	18 	55 		
#record	112 	215 	230 	207 	111 	207 	207 	1597 	335 	465 	2387 	435 	333 	0 	0 	0 	0 	0 	0 	0 	0 	0 	0 	0 	0 	0 	0 	0 	0 	1190 	1190 	18 	55 		
#record	113 	217 	232 	209 	112 	209 	209 	1613 	339 	471 	2409 	439 	337 	0 	0 	0 	0 	0 	0 	0 	0 	0 	0 	0 	0 	0 	0 	0 	0 	1200 	1200 	19 	56 		
#record	114 	218 	234 	211 	113 	211 	211 	1627 	342 	476 	2434 	443 	341 	0 	0 	0 	0 	0 	0 	0 	0 	0 	0 	0 	0 	0 	0 	0 	0 	1210 	1210 	19 	56 		
#record	115 	221 	236 	212 	114 	212 	212 	1644 	345 	481 	2456 	447 	345 	0 	0 	0 	0 	0 	0 	0 	0 	0 	0 	0 	0 	0 	0 	0 	0 	1220 	1220 	19 	57 		
#record	116 	223 	238 	214 	115 	214 	214 	1661 	348 	487 	2482 	452 	349 	0 	0 	0 	0 	0 	0 	0 	0 	0 	0 	0 	0 	0 	0 	0 	0 	1230 	1230 	19 	57 		
#record	117 	224 	239 	216 	116 	216 	216 	1674 	351 	492 	2503 	456 	352 	0 	0 	0 	0 	0 	0 	0 	0 	0 	0 	0 	0 	0 	0 	0 	0 	1240 	1240 	19 	58 		
#record	118 	226 	241 	218 	117 	218 	218 	1691 	355 	497 	2529 	460 	356 	0 	0 	0 	0 	0 	0 	0 	0 	0 	0 	0 	0 	0 	0 	0 	0 	1250 	1250 	19 	58 		
#record	119 	228 	243 	220 	118 	220 	220 	1708 	358 	502 	2550 	464 	360 	0 	0 	0 	0 	0 	0 	0 	0 	0 	0 	0 	0 	0 	0 	0 	0 	1260 	1260 	20 	59 		
#record	120 	230 	245 	221 	119 	221 	221 	1724 	362 	508 	2576 	469 	364 	0 	0 	0 	0 	0 	0 	0 	0 	0 	0 	0 	0 	0 	0 	0 	0 	1270 	1270 	20 	60 		
#record	121 	232 	247 	223 	120 	223 	223 	1738 	364 	513 	2597 	472 	367 	0 	0 	0 	0 	0 	0 	0 	0 	0 	0 	0 	0 	0 	0 	0 	0 	1280 	1280 	20 	60 		
#record	122 	234 	250 	225 	121 	225 	225 	1755 	368 	518 	2623 	477 	371 	0 	0 	0 	0 	0 	0 	0 	0 	0 	0 	0 	0 	0 	0 	0 	0 	1290 	1290 	20 	61 		
#record	123 	235 	252 	227 	122 	227 	227 	1772 	371 	524 	2644 	481 	375 	0 	0 	0 	0 	0 	0 	0 	0 	0 	0 	0 	0 	0 	0 	0 	0 	1300 	1300 	20 	61 		
#record	124 	237 	254 	229 	123 	229 	229 	1788 	375 	529 	2670 	485 	379 	0 	0 	0 	0 	0 	0 	0 	0 	0 	0 	0 	0 	0 	0 	0 	0 	1310 	1310 	20 	62 		
#record	125 	240 	256 	230 	124 	230 	230 	1802 	377 	534 	2695 	490 	383 	0 	0 	0 	0 	0 	0 	0 	0 	0 	0 	0 	0 	0 	0 	0 	0 	1320 	1320 	21 	62 		
#record	126 	241 	257 	232 	125 	232 	232 	1819 	381 	539 	2717 	494 	386 	0 	0 	0 	0 	0 	0 	0 	0 	0 	0 	0 	0 	0 	0 	0 	0 	1330 	1330 	21 	63 		
#record	127 	243 	259 	234 	126 	234 	234 	1835 	384 	545 	2742 	498 	390 	0 	0 	0 	0 	0 	0 	0 	0 	0 	0 	0 	0 	0 	0 	0 	0 	1340 	1340 	21 	63 		
#record	128 	245 	261 	236 	127 	236 	236 	1849 	387 	550 	2764 	502 	394 	0 	0 	0 	0 	0 	0 	0 	0 	0 	0 	0 	0 	0 	0 	0 	0 	1350 	1350 	21 	64 		
#record	129 	247 	263 	238 	128 	238 	238 	1866 	390 	555 	2789 	507 	398 	0 	0 	0 	0 	0 	0 	0 	0 	0 	0 	0 	0 	0 	0 	0 	0 	1360 	1360 	21 	64 		
#record	130 	249 	265 	239 	129 	239 	239 	1882 	394 	561 	2811 	511 	402 	0 	0 	0 	0 	0 	0 	0 	0 	0 	0 	0 	0 	0 	0 	0 	0 	1370 	1370 	21 	65 		
#record	131 	251 	267 	241 	130 	241 	241 	1899 	397 	566 	2837 	515 	405 	0 	0 	0 	0 	0 	0 	0 	0 	0 	0 	0 	0 	0 	0 	0 	0 	1380 	1380 	21 	65 		
#record	132 	252 	270 	243 	131 	243 	243 	1913 	400 	571 	2858 	519 	409 	0 	0 	0 	0 	0 	0 	0 	0 	0 	0 	0 	0 	0 	0 	0 	0 	1390 	1390 	22 	66 		
#record	133 	254 	272 	245 	132 	245 	245 	1930 	403 	576 	2884 	524 	413 	0 	0 	0 	0 	0 	0 	0 	0 	0 	0 	0 	0 	0 	0 	0 	0 	1400 	1400 	22 	66 		
#record	134 	256 	274 	247 	133 	247 	247 	1946 	407 	582 	2905 	527 	417 	0 	0 	0 	0 	0 	0 	0 	0 	0 	0 	0 	0 	0 	0 	0 	0 	1410 	1410 	22 	67 		
#record	135 	258 	276 	248 	134 	248 	248 	1963 	410 	587 	2931 	532 	420 	0 	0 	0 	0 	0 	0 	0 	0 	0 	0 	0 	0 	0 	0 	0 	0 	1420 	1420 	22 	67 		
#record	136 	260 	277 	250 	135 	250 	250 	1977 	413 	592 	2952 	536 	424 	0 	0 	0 	0 	0 	0 	0 	0 	0 	0 	0 	0 	0 	0 	0 	0 	1430 	1430 	22 	68 		
#record	137 	262 	279 	252 	136 	252 	252 	1993 	416 	597 	2978 	540 	428 	0 	0 	0 	0 	0 	0 	0 	0 	0 	0 	0 	0 	0 	0 	0 	0 	1440 	1440 	22 	68 		
#record	138 	264 	281 	254 	137 	254 	254 	2010 	420 	603 	2999 	544 	432 	0 	0 	0 	0 	0 	0 	0 	0 	0 	0 	0 	0 	0 	0 	0 	0 	1450 	1450 	23 	69 		
#record	139 	265 	283 	256 	138 	256 	256 	2024 	423 	608 	3025 	549 	436 	0 	0 	0 	0 	0 	0 	0 	0 	0 	0 	0 	0 	0 	0 	0 	0 	1460 	1460 	23 	69 		
#record	140 	268 	285 	257 	139 	257 	257 	2041 	426 	613 	3050 	553 	439 	0 	0 	0 	0 	0 	0 	0 	0 	0 	0 	0 	0 	0 	0 	0 	0 	1470 	1470 	23 	70 		
#record	141 	269 	287 	259 	140 	259 	259 	2057 	429 	619 	3072 	557 	443 	0 	0 	0 	0 	0 	0 	0 	0 	0 	0 	0 	0 	0 	0 	0 	0 	1480 	1480 	23 	70 		
#record	142 	271 	290 	261 	141 	261 	261 	2074 	433 	624 	3097 	562 	447 	0 	0 	0 	0 	0 	0 	0 	0 	0 	0 	0 	0 	0 	0 	0 	0 	1490 	1490 	23 	71 		
#record	143 	273 	292 	263 	142 	263 	263 	2088 	436 	629 	3119 	566 	451 	0 	0 	0 	0 	0 	0 	0 	0 	0 	0 	0 	0 	0 	0 	0 	0 	1500 	1500 	23 	71 		
#record	144 	275 	294 	265 	143 	265 	265 	2104 	439 	634 	3144 	570 	455 	0 	0 	0 	0 	0 	0 	0 	0 	0 	0 	0 	0 	0 	0 	0 	0 	1510 	1510 	24 	72 		
#record	145 	277 	295 	266 	144 	266 	266 	2121 	442 	640 	3166 	574 	458 	0 	0 	0 	0 	0 	0 	0 	0 	0 	0 	0 	0 	0 	0 	0 	0 	1520 	1520 	24 	72 		
#record	146 	279 	297 	268 	145 	268 	268 	2138 	446 	645 	3192 	579 	462 	0 	0 	0 	0 	0 	0 	0 	0 	0 	0 	0 	0 	0 	0 	0 	0 	1530 	1530 	24 	73 		
#record	147 	281 	299 	270 	146 	270 	270 	2152 	449 	650 	3213 	582 	466 	0 	0 	0 	0 	0 	0 	0 	0 	0 	0 	0 	0 	0 	0 	0 	0 	1540 	1540 	24 	73 		
#record	148 	282 	301 	272 	147 	272 	272 	2168 	452 	656 	3239 	587 	470 	0 	0 	0 	0 	0 	0 	0 	0 	0 	0 	0 	0 	0 	0 	0 	0 	1550 	1550 	24 	74 		
#record	149 	284 	303 	274 	148 	274 	274 	2185 	455 	661 	3260 	591 	473 	0 	0 	0 	0 	0 	0 	0 	0 	0 	0 	0 	0 	0 	0 	0 	0 	1560 	1560 	24 	74 		
#record	150 	286 	305 	275 	149 	275 	275 	2199 	458 	666 	3286 	595 	477 	0 	0 	0 	0 	0 	0 	0 	0 	0 	0 	0 	0 	0 	0 	0 	0 	1570 	1570 	24 	75 		
																																			
#end																																			
