
#ignore	\o042			
#exchange	#	\x20		

#table	Param																																
#columntype	Dword	Dword	Dword	Dword	Dword	Dword	Dword	Dword	Dword	Dword	Dword	Dword	Dword	Dword	Dword	Dword	Dword	Dword	Dword	Dword	Dword	Dword	Dword	Dword	Dword	Dword	Dword	Dword	Dword	Word	Word	DWord	DWord
#columnname	Level	Strength	Constitution	Intelligence	Wizdom	Dexterity	MentalPower	SoulHP	MAXSoulHP	PriceHPStone	SoulSP	MAXSoulSP	PriceSPStone	AtkPerAP	DmgPerAP	MaxPwrStone	NumPwrStone	PricePwrStone	PwrStoneWC	PwrStoneMA	MaxGrdStone	NumGrdStone	PriceGrdStone	GrdStoneAC	GrdStoneMR	PainRes	RestraintRes	CurseRes	ShockRes	MaxHP	MaxSP	CharTitlePt	SkillPwrPt
#record	1 	8 	8 	23 	0 	11 	9 	29 	12 	2 	37 	15 	2 	0 	0 	0 	0 	0 	0 	0 	0 	0 	0 	0 	0 	0 	0 	0 	0 	68 	84 	1 	0 
#record	2 	8 	8 	24 	1 	12 	11 	37 	12 	3 	51 	16 	3 	0 	0 	0 	0 	0 	0 	0 	0 	0 	0 	0 	0 	0 	0 	0 	0 	77 	95 	1 	0 
#record	3 	9 	9 	25 	2 	13 	12 	45 	13 	4 	68 	17 	4 	0 	0 	0 	0 	0 	0 	0 	0 	0 	0 	0 	0 	0 	0 	0 	0 	85 	105 	1 	1 
#record	4 	11 	11 	28 	3 	15 	14 	53 	14 	5 	82 	18 	5 	0 	0 	0 	0 	0 	0 	0 	0 	0 	0 	0 	0 	0 	0 	0 	0 	94 	116 	1 	1 
#record	5 	13 	12 	30 	4 	17 	15 	58 	14 	6 	101 	20 	5 	0 	0 	0 	0 	0 	0 	0 	0 	0 	0 	0 	0 	0 	0 	0 	0 	102 	126 	1 	2 
#record	6 	14 	13 	33 	5 	19 	17 	64 	15 	6 	119 	21 	6 	0 	0 	0 	0 	0 	0 	0 	0 	0 	0 	0 	0 	0 	0 	0 	0 	111 	137 	2 	2 
#record	7 	15 	15 	35 	6 	21 	19 	77 	16 	7 	134 	23 	7 	0 	0 	0 	0 	0 	0 	0 	0 	0 	0 	0 	0 	0 	0 	0 	0 	119 	147 	2 	3 
#record	8 	17 	16 	38 	7 	23 	21 	84 	16 	8 	152 	24 	8 	0 	0 	0 	0 	0 	0 	0 	0 	0 	0 	0 	0 	0 	0 	0 	0 	128 	158 	2 	3 
#record	9 	18 	18 	40 	8 	25 	23 	93 	17 	9 	171 	26 	9 	0 	0 	0 	0 	0 	0 	0 	0 	0 	0 	0 	0 	0 	0 	0 	0 	136 	168 	2 	4 
#record	10 	20 	19 	43 	9 	27 	24 	102 	18 	10 	185 	27 	10 	0 	0 	0 	0 	0 	0 	0 	0 	0 	0 	0 	0 	0 	0 	0 	0 	145 	179 	2 	4 
#record	11 	22 	20 	45 	10 	29 	26 	115 	19 	11 	204 	28 	10 	0 	0 	0 	0 	0 	0 	0 	0 	0 	0 	0 	0 	0 	0 	0 	0 	153 	189 	2 	5 
#record	12 	23 	22 	48 	11 	32 	28 	124 	20 	12 	222 	30 	11 	0 	0 	0 	0 	0 	0 	0 	0 	0 	0 	0 	0 	0 	0 	0 	0 	162 	200 	3 	5 
#record	13 	25 	24 	50 	12 	34 	30 	133 	21 	13 	237 	31 	12 	0 	0 	0 	0 	0 	0 	0 	0 	0 	0 	0 	0 	0 	0 	0 	0 	170 	210 	3 	6 
#record	14 	26 	25 	53 	13 	36 	33 	143 	22 	13 	255 	33 	13 	0 	0 	0 	0 	0 	0 	0 	0 	0 	0 	0 	0 	0 	0 	0 	0 	179 	221 	3 	6 
#record	15 	28 	27 	55 	14 	38 	34 	155 	23 	14 	274 	34 	14 	0 	0 	0 	0 	0 	0 	0 	0 	0 	0 	0 	0 	0 	0 	0 	0 	187 	231 	3 	7 
#record	16 	29 	28 	58 	15 	40 	36 	164 	24 	15 	288 	36 	15 	0 	0 	0 	0 	0 	0 	0 	0 	0 	0 	0 	0 	0 	0 	0 	0 	196 	242 	3 	7 
#record	17 	31 	29 	60 	16 	42 	38 	174 	25 	16 	307 	37 	15 	0 	0 	0 	0 	0 	0 	0 	0 	0 	0 	0 	0 	0 	0 	0 	0 	204 	252 	3 	8 
#record	18 	32 	31 	63 	17 	44 	40 	183 	26 	17 	326 	39 	16 	0 	0 	0 	0 	0 	0 	0 	0 	0 	0 	0 	0 	0 	0 	0 	0 	213 	263 	4 	8 
#record	19 	34 	32 	65 	18 	46 	42 	195 	27 	18 	348 	41 	17 	0 	0 	0 	0 	0 	0 	0 	0 	0 	0 	0 	0 	0 	0 	0 	0 	221 	273 	4 	9 
#record	20 	36 	34 	68 	19 	48 	43 	229 	38 	20 	408 	42 	20 	0 	0 	0 	0 	0 	0 	0 	0 	0 	0 	0 	0 	0 	0 	0 	0 	230 	284 	4 	9 
#record	21 	37 	35 	70 	20 	50 	45 	242 	41 	23 	429 	45 	22 	0 	0 	0 	0 	0 	0 	0 	0 	0 	0 	0 	0 	0 	0 	0 	0 	238 	294 	4 	10 
#record	22 	39 	37 	73 	21 	53 	47 	251 	46 	24 	445 	46 	25 	0 	0 	0 	0 	0 	0 	0 	0 	0 	0 	0 	0 	0 	0 	0 	0 	247 	305 	4 	10 
#record	23 	40 	39 	75 	22 	55 	49 	263 	49 	24 	460 	48 	27 	0 	0 	0 	0 	0 	0 	0 	0 	0 	0 	0 	0 	0 	0 	0 	0 	255 	315 	4 	11 
#record	24 	41 	40 	78 	23 	57 	51 	271 	56 	25 	478 	51 	30 	0 	0 	0 	0 	0 	0 	0 	0 	0 	0 	0 	0 	0 	0 	0 	0 	264 	326 	4 	11 
#record	25 	43 	41 	80 	24 	59 	53 	282 	59 	27 	491 	52 	32 	0 	0 	0 	0 	0 	0 	0 	0 	0 	0 	0 	0 	0 	0 	0 	0 	272 	336 	5 	12 
#record	26 	45 	43 	83 	25 	61 	55 	295 	61 	29 	514 	54 	35 	0 	0 	0 	0 	0 	0 	0 	0 	0 	0 	0 	0 	0 	0 	0 	0 	281 	347 	5 	12 
#record	27 	46 	44 	85 	26 	63 	57 	311 	72 	31 	536 	107 	37 	0 	0 	0 	0 	0 	0 	0 	0 	0 	0 	0 	0 	0 	0 	0 	0 	289 	357 	5 	13 
#record	28 	48 	46 	88 	27 	65 	59 	324 	75 	33 	563 	112 	40 	0 	0 	0 	0 	0 	0 	0 	0 	0 	0 	0 	0 	0 	0 	0 	0 	298 	368 	5 	13 
#record	29 	49 	47 	90 	28 	67 	61 	340 	78 	35 	585 	116 	42 	0 	0 	0 	0 	0 	0 	0 	0 	0 	0 	0 	0 	0 	0 	0 	0 	306 	378 	5 	14 
#record	30 	51 	48 	93 	29 	69 	62 	353 	80 	37 	608 	120 	45 	0 	0 	0 	0 	0 	0 	0 	0 	0 	0 	0 	0 	0 	0 	0 	0 	315 	389 	5 	14 
#record	31 	53 	50 	95 	30 	71 	64 	369 	84 	39 	634 	125 	47 	0 	0 	0 	0 	0 	0 	0 	0 	0 	0 	0 	0 	0 	0 	0 	0 	323 	399 	6 	15 
#record	32 	54 	52 	98 	31 	74 	66 	381 	86 	41 	657 	129 	50 	0 	0 	0 	0 	0 	0 	0 	0 	0 	0 	0 	0 	0 	0 	0 	0 	332 	410 	6 	15 
#record	33 	55 	53 	100 	32 	76 	68 	398 	90 	43 	679 	133 	52 	0 	0 	0 	0 	0 	0 	0 	0 	0 	0 	0 	0 	0 	0 	0 	0 	340 	420 	6 	16 
#record	34 	57 	55 	103 	33 	78 	70 	414 	93 	45 	706 	138 	55 	0 	0 	0 	0 	0 	0 	0 	0 	0 	0 	0 	0 	0 	0 	0 	0 	349 	431 	6 	16 
#record	35 	59 	56 	105 	34 	80 	71 	426 	96 	48 	728 	142 	57 	0 	0 	0 	0 	0 	0 	0 	0 	0 	0 	0 	0 	0 	0 	0 	0 	357 	441 	6 	17 
#record	36 	60 	57 	108 	35 	82 	74 	443 	99 	50 	751 	146 	60 	0 	0 	0 	0 	0 	0 	0 	0 	0 	0 	0 	0 	0 	0 	0 	0 	366 	452 	6 	17 
#record	37 	62 	59 	110 	36 	84 	76 	455 	101 	52 	778 	150 	63 	0 	0 	0 	0 	0 	0 	0 	0 	0 	0 	0 	0 	0 	0 	0 	0 	374 	462 	7 	18 
#record	38 	63 	60 	113 	37 	86 	78 	471 	105 	54 	800 	154 	65 	0 	0 	0 	0 	0 	0 	0 	0 	0 	0 	0 	0 	0 	0 	0 	0 	383 	473 	7 	18 
#record	39 	64 	62 	115 	38 	88 	80 	484 	107 	56 	823 	158 	68 	0 	0 	0 	0 	0 	0 	0 	0 	0 	0 	0 	0 	0 	0 	0 	0 	391 	483 	7 	19 
#record	40 	67 	63 	118 	39 	90 	81 	500 	111 	58 	849 	163 	70 	0 	0 	0 	0 	0 	0 	0 	0 	0 	0 	0 	0 	0 	0 	0 	0 	400 	494 	7 	19 
#record	41 	68 	64 	120 	40 	92 	83 	513 	113 	60 	872 	167 	73 	0 	0 	0 	0 	0 	0 	0 	0 	0 	0 	0 	0 	0 	0 	0 	0 	408 	504 	7 	20 
#record	42 	69 	67 	123 	41 	95 	85 	529 	117 	62 	894 	171 	75 	0 	0 	0 	0 	0 	0 	0 	0 	0 	0 	0 	0 	0 	0 	0 	0 	417 	515 	7 	20 
#record	43 	71 	68 	125 	42 	97 	87 	542 	119 	64 	921 	176 	78 	0 	0 	0 	0 	0 	0 	0 	0 	0 	0 	0 	0 	0 	0 	0 	0 	425 	525 	7 	21 
#record	44 	72 	69 	128 	43 	99 	89 	558 	122 	66 	943 	180 	80 	0 	0 	0 	0 	0 	0 	0 	0 	0 	0 	0 	0 	0 	0 	0 	0 	434 	536 	8 	21 
#record	45 	74 	71 	130 	44 	101 	90 	571 	125 	68 	966 	184 	83 	0 	0 	0 	0 	0 	0 	0 	0 	0 	0 	0 	0 	0 	0 	0 	0 	442 	546 	8 	22 
#record	46 	76 	72 	133 	45 	103 	92 	587 	128 	70 	992 	189 	85 	0 	0 	0 	0 	0 	0 	0 	0 	0 	0 	0 	0 	0 	0 	0 	0 	451 	557 	8 	22 
#record	47 	77 	74 	135 	46 	105 	95 	600 	131 	73 	1015 	193 	88 	0 	0 	0 	0 	0 	0 	0 	0 	0 	0 	0 	0 	0 	0 	0 	0 	459 	567 	8 	23 
#record	48 	78 	75 	138 	47 	107 	97 	616 	134 	75 	1037 	197 	90 	0 	0 	0 	0 	0 	0 	0 	0 	0 	0 	0 	0 	0 	0 	0 	0 	468 	578 	8 	23 
#record	49 	80 	76 	140 	48 	109 	99 	629 	137 	77 	1064 	201 	93 	0 	0 	0 	0 	0 	0 	0 	0 	0 	0 	0 	0 	0 	0 	0 	0 	476 	588 	8 	24 
#record	50 	82 	78 	143 	49 	111 	100 	645 	140 	79 	1086 	206 	95 	0 	0 	0 	0 	0 	0 	0 	0 	0 	0 	0 	0 	0 	0 	0 	0 	485 	599 	9 	24 
#record	51 	83 	79 	145 	50 	113 	102 	657 	143 	91 	1109 	210 	112 	0 	0 	0 	0 	0 	0 	0 	0 	0 	0 	0 	0 	0 	0 	0 	0 	493 	609 	9 	25 
#record	52 	85 	81 	148 	51 	116 	104 	674 	146 	93 	1135 	214 	115 	0 	0 	0 	0 	0 	0 	0 	0 	0 	0 	0 	0 	0 	0 	0 	0 	502 	620 	9 	25 
#record	53 	86 	83 	150 	52 	118 	106 	686 	149 	96 	1158 	218 	118 	0 	0 	0 	0 	0 	0 	0 	0 	0 	0 	0 	0 	0 	0 	0 	0 	510 	630 	9 	26 
#record	54 	88 	84 	153 	53 	120 	108 	702 	152 	98 	1181 	222 	120 	0 	0 	0 	0 	0 	0 	0 	0 	0 	0 	0 	0 	0 	0 	0 	0 	519 	641 	9 	26 
#record	55 	90 	85 	155 	54 	122 	109 	715 	154 	101 	1207 	227 	123 	0 	0 	0 	0 	0 	0 	0 	0 	0 	0 	0 	0 	0 	0 	0 	0 	527 	651 	9 	27 
#record	56 	91 	87 	158 	55 	124 	111 	731 	158 	103 	1230 	231 	126 	0 	0 	0 	0 	0 	0 	0 	0 	0 	0 	0 	0 	0 	0 	0 	0 	536 	662 	10 	27 
#record	57 	92 	88 	160 	56 	126 	113 	744 	160 	105 	1252 	235 	129 	0 	0 	0 	0 	0 	0 	0 	0 	0 	0 	0 	0 	0 	0 	0 	0 	544 	672 	10 	28 
#record	58 	94 	90 	163 	57 	128 	116 	760 	164 	108 	1279 	240 	132 	0 	0 	0 	0 	0 	0 	0 	0 	0 	0 	0 	0 	0 	0 	0 	0 	553 	683 	10 	28 
#record	59 	95 	91 	165 	58 	130 	118 	776 	167 	110 	1301 	244 	135 	0 	0 	0 	0 	0 	0 	0 	0 	0 	0 	0 	0 	0 	0 	0 	0 	561 	693 	10 	29 
#record	60 	97 	92 	168 	59 	132 	119 	872 	170 	151 	1460 	249 	191 	0 	0 	0 	0 	0 	0 	0 	0 	0 	0 	0 	0 	0 	0 	0 	0 	570 	704 	10 	29 
#record	61 	99 	94 	170 	60 	134 	121 	882 	174 	155 	1476 	253 	196 	0 	0 	0 	0 	0 	0 	0 	0 	0 	0 	0 	0 	0 	0 	0 	0 	578 	714 	10 	30 
#record	62 	100 	96 	173 	61 	137 	123 	891 	177 	159 	1491 	258 	201 	0 	0 	0 	0 	0 	0 	0 	0 	0 	0 	0 	0 	0 	0 	0 	0 	587 	725 	11 	30 
#record	63 	102 	97 	175 	62 	139 	125 	900 	180 	163 	1506 	263 	207 	0 	0 	0 	0 	0 	0 	0 	0 	0 	0 	0 	0 	0 	0 	0 	0 	595 	735 	11 	31 
#record	64 	103 	99 	178 	63 	141 	127 	909 	183 	168 	1524 	268 	212 	0 	0 	0 	0 	0 	0 	0 	0 	0 	0 	0 	0 	0 	0 	0 	0 	604 	746 	11 	31 
#record	65 	105 	100 	180 	64 	143 	128 	917 	187 	172 	1538 	273 	217 	0 	0 	0 	0 	0 	0 	0 	0 	0 	0 	0 	0 	0 	0 	0 	0 	612 	756 	11 	32 
#record	66 	106 	102 	183 	65 	145 	130 	929 	191 	176 	1550 	278 	223 	0 	0 	0 	0 	0 	0 	0 	0 	0 	0 	0 	0 	0 	0 	0 	0 	621 	767 	11 	32 
#record	67 	108 	103 	185 	66 	147 	132 	937 	194 	180 	1563 	282 	228 	0 	0 	0 	0 	0 	0 	0 	0 	0 	0 	0 	0 	0 	0 	0 	0 	629 	777 	11 	33 
#record	68 	109 	104 	188 	67 	149 	134 	944 	197 	184 	1575 	287 	233 	0 	0 	0 	0 	0 	0 	0 	0 	0 	0 	0 	0 	0 	0 	0 	0 	638 	788 	11 	33 
#record	69 	111 	106 	190 	68 	151 	137 	951 	201 	188 	1586 	292 	238 	0 	0 	0 	0 	0 	0 	0 	0 	0 	0 	0 	0 	0 	0 	0 	0 	646 	798 	12 	34 
#record	70 	113 	107 	193 	69 	153 	138 	958 	204 	193 	1601 	297 	244 	0 	0 	0 	0 	0 	0 	0 	0 	0 	0 	0 	0 	0 	0 	0 	0 	655 	809 	12 	34 
#record	71 	114 	109 	195 	70 	155 	140 	974 	207 	197 	1627 	302 	249 	0 	0 	0 	0 	0 	0 	0 	0 	0 	0 	0 	0 	0 	0 	0 	0 	663 	819 	12 	35 
#record	72 	116 	111 	198 	71 	158 	142 	990 	211 	201 	1654 	307 	254 	0 	0 	0 	0 	0 	0 	0 	0 	0 	0 	0 	0 	0 	0 	0 	0 	672 	830 	12 	35 
#record	73 	117 	112 	200 	72 	160 	144 	1010 	215 	205 	1681 	312 	260 	0 	0 	0 	0 	0 	0 	0 	0 	0 	0 	0 	0 	0 	0 	0 	0 	680 	840 	12 	36 
#record	74 	118 	113 	203 	73 	162 	146 	1026 	218 	209 	1707 	316 	265 	0 	0 	0 	0 	0 	0 	0 	0 	0 	0 	0 	0 	0 	0 	0 	0 	689 	851 	12 	36 
#record	75 	120 	115 	205 	74 	164 	147 	1042 	221 	214 	1734 	321 	270 	0 	0 	0 	0 	0 	0 	0 	0 	0 	0 	0 	0 	0 	0 	0 	0 	697 	861 	13 	37 
#record	76 	122 	116 	208 	75 	166 	149 	1058 	225 	218 	1760 	326 	275 	0 	0 	0 	0 	0 	0 	0 	0 	0 	0 	0 	0 	0 	0 	0 	0 	706 	872 	13 	37 
#record	77 	123 	118 	210 	76 	168 	151 	1075 	228 	222 	1791 	331 	281 	0 	0 	0 	0 	0 	0 	0 	0 	0 	0 	0 	0 	0 	0 	0 	0 	714 	882 	13 	38 
#record	78 	125 	119 	213 	77 	170 	153 	1091 	231 	226 	1817 	336 	286 	0 	0 	0 	0 	0 	0 	0 	0 	0 	0 	0 	0 	0 	0 	0 	0 	723 	893 	13 	38 
#record	79 	126 	120 	215 	78 	172 	155 	1111 	235 	230 	1844 	341 	291 	0 	0 	0 	0 	0 	0 	0 	0 	0 	0 	0 	0 	0 	0 	0 	0 	731 	903 	13 	39 
#record	80 	128 	122 	218 	79 	174 	156 	1127 	238 	234 	1870 	345 	297 	0 	0 	0 	0 	0 	0 	0 	0 	0 	0 	0 	0 	0 	0 	0 	0 	740 	914 	13 	39 
#record	81 	130 	123 	220 	80 	176 	159 	1143 	242 	239 	1897 	350 	302 	0 	0 	0 	0 	0 	0 	0 	0 	0 	0 	0 	0 	0 	0 	0 	0 	748 	924 	14 	40 
#record	82 	131 	125 	223 	81 	179 	161 	1159 	245 	243 	1923 	355 	307 	0 	0 	0 	0 	0 	0 	0 	0 	0 	0 	0 	0 	0 	0 	0 	0 	757 	935 	14 	40 
#record	83 	132 	127 	225 	82 	181 	163 	1175 	248 	247 	1954 	360 	312 	0 	0 	0 	0 	0 	0 	0 	0 	0 	0 	0 	0 	0 	0 	0 	0 	765 	945 	14 	41 
#record	84 	134 	128 	228 	83 	183 	165 	1191 	252 	251 	1980 	365 	318 	0 	0 	0 	0 	0 	0 	0 	0 	0 	0 	0 	0 	0 	0 	0 	0 	774 	956 	14 	41 
#record	85 	136 	130 	230 	84 	185 	166 	1208 	255 	255 	2007 	370 	323 	0 	0 	0 	0 	0 	0 	0 	0 	0 	0 	0 	0 	0 	0 	0 	0 	782 	966 	14 	42 
#record	86 	137 	131 	233 	85 	187 	168 	1227 	259 	259 	2033 	375 	328 	0 	0 	0 	0 	0 	0 	0 	0 	0 	0 	0 	0 	0 	0 	0 	0 	791 	977 	14 	42 
#record	87 	139 	132 	235 	86 	189 	170 	1244 	262 	264 	2060 	379 	333 	0 	0 	0 	0 	0 	0 	0 	0 	0 	0 	0 	0 	0 	0 	0 	0 	799 	987 	14 	43 
#record	88 	140 	134 	238 	87 	191 	172 	1260 	266 	268 	2086 	384 	339 	0 	0 	0 	0 	0 	0 	0 	0 	0 	0 	0 	0 	0 	0 	0 	0 	808 	998 	15 	43 
#record	89 	141 	135 	240 	88 	193 	174 	1276 	269 	272 	2117 	390 	344 	0 	0 	0 	0 	0 	0 	0 	0 	0 	0 	0 	0 	0 	0 	0 	0 	816 	1008 	15 	44 
#record	90 	144 	137 	243 	89 	195 	175 	1292 	272 	276 	2144 	394 	349 	0 	0 	0 	0 	0 	0 	0 	0 	0 	0 	0 	0 	0 	0 	0 	0 	825 	1019 	15 	44 
#record	91 	145 	138 	245 	90 	197 	177 	1308 	275 	280 	2170 	399 	355 	0 	0 	0 	0 	0 	0 	0 	0 	0 	0 	0 	0 	0 	0 	0 	0 	833 	1029 	15 	45 
#record	92 	146 	140 	248 	91 	200 	180 	1324 	279 	285 	2197 	404 	360 	0 	0 	0 	0 	0 	0 	0 	0 	0 	0 	0 	0 	0 	0 	0 	0 	842 	1040 	15 	45 
#record	93 	148 	141 	250 	92 	202 	182 	1344 	283 	289 	2223 	408 	365 	0 	0 	0 	0 	0 	0 	0 	0 	0 	0 	0 	0 	0 	0 	0 	0 	850 	1050 	15 	46 
#record	94 	149 	143 	253 	93 	204 	184 	1360 	286 	293 	2250 	413 	370 	0 	0 	0 	0 	0 	0 	0 	0 	0 	0 	0 	0 	0 	0 	0 	0 	859 	1061 	16 	46 
#record	95 	151 	144 	255 	94 	206 	185 	1376 	289 	297 	2276 	418 	376 	0 	0 	0 	0 	0 	0 	0 	0 	0 	0 	0 	0 	0 	0 	0 	0 	867 	1071 	16 	47 
#record	96 	153 	146 	258 	95 	208 	187 	1393 	293 	301 	2307 	423 	381 	0 	0 	0 	0 	0 	0 	0 	0 	0 	0 	0 	0 	0 	0 	0 	0 	876 	1082 	16 	47 
#record	97 	154 	147 	260 	96 	210 	189 	1409 	296 	305 	2333 	428 	386 	0 	0 	0 	0 	0 	0 	0 	0 	0 	0 	0 	0 	0 	0 	0 	0 	884 	1092 	16 	48 
#record	98 	155 	148 	263 	97 	212 	191 	1425 	299 	310 	2360 	433 	392 	0 	0 	0 	0 	0 	0 	0 	0 	0 	0 	0 	0 	0 	0 	0 	0 	893 	1103 	16 	48 
#record	99 	157 	150 	265 	98 	214 	193 	1445 	303 	314 	2386 	438 	397 	0 	0 	0 	0 	0 	0 	0 	0 	0 	0 	0 	0 	0 	0 	0 	0 	901 	1113 	16 	49 
#record	100 	159 	156 	268 	99 	221 	194 	1461 	307 	318 	2413 	442 	402 	0 	0 	0 	0 	0 	0 	0 	0 	0 	0 	0 	0 	0 	0 	0 	0 	910 	1124 	17 	49 
#record	101 	160 	158 	270 	100 	223 	196 	1477 	310 	322 	2439 	447 	407 	0 	0 	0 	0 	0 	0 	0 	0 	0 	0 	0 	0 	0 	0 	0 	0 	918 	1134 	17 	50 
#record	102 	162 	160 	273 	101 	226 	198 	1493 	313 	326 	2470 	453 	413 	0 	0 	0 	0 	0 	0 	0 	0 	0 	0 	0 	0 	0 	0 	0 	0 	927 	1145 	17 	50 
#record	103 	163 	161 	275 	102 	228 	201 	1509 	317 	330 	2496 	457 	418 	0 	0 	0 	0 	0 	0 	0 	0 	0 	0 	0 	0 	0 	0 	0 	0 	935 	1155 	17 	51 
#record	104 	165 	163 	278 	103 	230 	203 	1526 	320 	335 	2523 	462 	423 	0 	0 	0 	0 	0 	0 	0 	0 	0 	0 	0 	0 	0 	0 	0 	0 	944 	1166 	17 	51 
#record	105 	167 	164 	280 	104 	232 	204 	1542 	323 	339 	2549 	467 	429 	0 	0 	0 	0 	0 	0 	0 	0 	0 	0 	0 	0 	0 	0 	0 	0 	952 	1176 	17 	52 
#record	106 	168 	165 	283 	105 	234 	206 	1562 	327 	343 	2576 	471 	434 	0 	0 	0 	0 	0 	0 	0 	0 	0 	0 	0 	0 	0 	0 	0 	0 	961 	1187 	17 	52 
#record	107 	169 	167 	285 	106 	236 	208 	1578 	330 	347 	2602 	476 	439 	0 	0 	0 	0 	0 	0 	0 	0 	0 	0 	0 	0 	0 	0 	0 	0 	969 	1197 	18 	53 
#record	108 	171 	168 	288 	107 	238 	210 	1594 	334 	351 	2629 	481 	444 	0 	0 	0 	0 	0 	0 	0 	0 	0 	0 	0 	0 	0 	0 	0 	0 	978 	1208 	18 	53 
#record	109 	172 	170 	290 	108 	240 	212 	1610 	337 	356 	2660 	486 	450 	0 	0 	0 	0 	0 	0 	0 	0 	0 	0 	0 	0 	0 	0 	0 	0 	986 	1218 	18 	54 
#record	110 	174 	171 	293 	109 	242 	213 	1626 	340 	360 	2686 	491 	455 	0 	0 	0 	0 	0 	0 	0 	0 	0 	0 	0 	0 	0 	0 	0 	0 	995 	1229 	18 	54 
#record	111 	176 	172 	295 	110 	244 	215 	1642 	344 	364 	2713 	496 	460 	0 	0 	0 	0 	0 	0 	0 	0 	0 	0 	0 	0 	0 	0 	0 	0 	1003 	1239 	18 	55 
#record	112 	177 	174 	298 	111 	247 	217 	1659 	347 	368 	2739 	501 	465 	0 	0 	0 	0 	0 	0 	0 	0 	0 	0 	0 	0 	0 	0 	0 	0 	1012 	1250 	18 	55 
#record	113 	179 	176 	300 	112 	249 	219 	1678 	351 	372 	2766 	505 	471 	0 	0 	0 	0 	0 	0 	0 	0 	0 	0 	0 	0 	0 	0 	0 	0 	1020 	1260 	19 	56 
#record	114 	180 	177 	303 	113 	251 	222 	1694 	354 	376 	2792 	510 	476 	0 	0 	0 	0 	0 	0 	0 	0 	0 	0 	0 	0 	0 	0 	0 	0 	1029 	1271 	19 	56 
#record	115 	182 	179 	305 	114 	253 	223 	1711 	358 	381 	2823 	516 	481 	0 	0 	0 	0 	0 	0 	0 	0 	0 	0 	0 	0 	0 	0 	0 	0 	1037 	1281 	19 	57 
#record	116 	183 	180 	308 	115 	255 	225 	1727 	361 	385 	2849 	520 	487 	0 	0 	0 	0 	0 	0 	0 	0 	0 	0 	0 	0 	0 	0 	0 	0 	1046 	1292 	19 	57 
#record	117 	185 	181 	310 	116 	257 	227 	1743 	364 	389 	2876 	525 	492 	0 	0 	0 	0 	0 	0 	0 	0 	0 	0 	0 	0 	0 	0 	0 	0 	1054 	1302 	19 	58 
#record	118 	186 	183 	313 	117 	259 	229 	1759 	368 	393 	2902 	530 	497 	0 	0 	0 	0 	0 	0 	0 	0 	0 	0 	0 	0 	0 	0 	0 	0 	1063 	1313 	19 	58 
#record	119 	188 	184 	315 	118 	261 	231 	1779 	372 	397 	2929 	535 	502 	0 	0 	0 	0 	0 	0 	0 	0 	0 	0 	0 	0 	0 	0 	0 	0 	1071 	1323 	20 	59 
#record	120 	190 	186 	318 	119 	263 	232 	1795 	375 	401 	2955 	539 	508 	0 	0 	0 	0 	0 	0 	0 	0 	0 	0 	0 	0 	0 	0 	0 	0 	1080 	1334 	20 	60 
#record	121 	191 	187 	320 	120 	265 	234 	1811 	181 	406 	2982 	260 	513 	0 	0 	0 	0 	0 	0 	0 	0 	0 	0 	0 	0 	0 	0 	0 	0 	1088 	1344 	20 	60 
#record	122 	193 	189 	323 	121 	268 	236 	1827 	183 	410 	3012 	263 	518 	0 	0 	0 	0 	0 	0 	0 	0 	0 	0 	0 	0 	0 	0 	0 	0 	1097 	1355 	20 	61 
#record	123 	194 	191 	325 	122 	270 	238 	1844 	184 	414 	3039 	265 	524 	0 	0 	0 	0 	0 	0 	0 	0 	0 	0 	0 	0 	0 	0 	0 	0 	1105 	1365 	20 	61 
#record	124 	195 	192 	328 	123 	272 	240 	1860 	186 	418 	3065 	267 	529 	0 	0 	0 	0 	0 	0 	0 	0 	0 	0 	0 	0 	0 	0 	0 	0 	1114 	1376 	20 	62 
#record	125 	197 	193 	330 	124 	274 	242 	1876 	187 	422 	3092 	269 	534 	0 	0 	0 	0 	0 	0 	0 	0 	0 	0 	0 	0 	0 	0 	0 	0 	1122 	1386 	21 	62 
#record	126 	199 	195 	333 	125 	276 	244 	1896 	189 	426 	3119 	271 	539 	0 	0 	0 	0 	0 	0 	0 	0 	0 	0 	0 	0 	0 	0 	0 	0 	1131 	1397 	21 	63 
#record	127 	200 	196 	335 	126 	278 	246 	1912 	191 	431 	3145 	274 	545 	0 	0 	0 	0 	0 	0 	0 	0 	0 	0 	0 	0 	0 	0 	0 	0 	1139 	1407 	21 	63 
#record	128 	202 	198 	338 	127 	280 	248 	1928 	192 	435 	3176 	276 	550 	0 	0 	0 	0 	0 	0 	0 	0 	0 	0 	0 	0 	0 	0 	0 	0 	1148 	1418 	21 	64 
#record	129 	203 	199 	340 	128 	282 	250 	1944 	194 	439 	3202 	278 	555 	0 	0 	0 	0 	0 	0 	0 	0 	0 	0 	0 	0 	0 	0 	0 	0 	1156 	1428 	21 	64 
#record	130 	205 	200 	343 	129 	284 	251 	1960 	195 	443 	3229 	281 	561 	0 	0 	0 	0 	0 	0 	0 	0 	0 	0 	0 	0 	0 	0 	0 	0 	1165 	1439 	21 	65 
#record	131 	207 	202 	345 	130 	286 	253 	1977 	197 	447 	3255 	283 	566 	0 	0 	0 	0 	0 	0 	0 	0 	0 	0 	0 	0 	0 	0 	0 	0 	1173 	1449 	21 	65 
#record	132 	208 	204 	348 	131 	289 	255 	1993 	198 	452 	3282 	285 	571 	0 	0 	0 	0 	0 	0 	0 	0 	0 	0 	0 	0 	0 	0 	0 	0 	1182 	1460 	22 	66 
#record	133 	209 	205 	350 	132 	291 	257 	2012 	200 	456 	3308 	287 	576 	0 	0 	0 	0 	0 	0 	0 	0 	0 	0 	0 	0 	0 	0 	0 	0 	1190 	1470 	22 	66 
#record	134 	211 	207 	353 	133 	293 	259 	2029 	202 	460 	3335 	289 	582 	0 	0 	0 	0 	0 	0 	0 	0 	0 	0 	0 	0 	0 	0 	0 	0 	1199 	1481 	22 	67 
#record	135 	213 	208 	355 	134 	295 	260 	2045 	203 	464 	3365 	292 	587 	0 	0 	0 	0 	0 	0 	0 	0 	0 	0 	0 	0 	0 	0 	0 	0 	1207 	1491 	22 	67 
#record	136 	214 	209 	358 	135 	297 	263 	2061 	205 	468 	3392 	294 	592 	0 	0 	0 	0 	0 	0 	0 	0 	0 	0 	0 	0 	0 	0 	0 	0 	1216 	1502 	22 	68 
#record	137 	216 	211 	360 	136 	299 	265 	2077 	206 	472 	3418 	296 	597 	0 	0 	0 	0 	0 	0 	0 	0 	0 	0 	0 	0 	0 	0 	0 	0 	1224 	1512 	22 	68 
#record	138 	217 	212 	363 	137 	301 	267 	2093 	208 	477 	3445 	299 	603 	0 	0 	0 	0 	0 	0 	0 	0 	0 	0 	0 	0 	0 	0 	0 	0 	1233 	1523 	23 	69 
#record	139 	218 	214 	365 	138 	303 	269 	2113 	210 	481 	3471 	301 	608 	0 	0 	0 	0 	0 	0 	0 	0 	0 	0 	0 	0 	0 	0 	0 	0 	1241 	1533 	23 	69 
#record	140 	221 	215 	368 	139 	305 	270 	2129 	211 	485 	3498 	303 	613 	0 	0 	0 	0 	0 	0 	0 	0 	0 	0 	0 	0 	0 	0 	0 	0 	1250 	1544 	23 	70 
#record	141 	222 	216 	370 	140 	307 	272 	2145 	213 	489 	3528 	306 	619 	0 	0 	0 	0 	0 	0 	0 	0 	0 	0 	0 	0 	0 	0 	0 	0 	1258 	1554 	23 	70 
#record	142 	223 	219 	373 	141 	310 	274 	2162 	214 	493 	3555 	308 	624 	0 	0 	0 	0 	0 	0 	0 	0 	0 	0 	0 	0 	0 	0 	0 	0 	1267 	1565 	23 	71 
#record	143 	225 	220 	375 	142 	312 	276 	2178 	216 	497 	3582 	310 	629 	0 	0 	0 	0 	0 	0 	0 	0 	0 	0 	0 	0 	0 	0 	0 	0 	1275 	1575 	23 	71 
#record	144 	226 	221 	378 	143 	314 	278 	2194 	217 	502 	3608 	312 	634 	0 	0 	0 	0 	0 	0 	0 	0 	0 	0 	0 	0 	0 	0 	0 	0 	1284 	1586 	24 	72 
#record	145 	228 	223 	380 	144 	316 	279 	2210 	219 	506 	3635 	314 	640 	0 	0 	0 	0 	0 	0 	0 	0 	0 	0 	0 	0 	0 	0 	0 	0 	1292 	1596 	24 	72 
#record	146 	230 	224 	383 	145 	318 	281 	2230 	221 	510 	3661 	317 	645 	0 	0 	0 	0 	0 	0 	0 	0 	0 	0 	0 	0 	0 	0 	0 	0 	1301 	1607 	24 	73 
#record	147 	231 	226 	385 	146 	320 	284 	2246 	222 	514 	3688 	319 	650 	0 	0 	0 	0 	0 	0 	0 	0 	0 	0 	0 	0 	0 	0 	0 	0 	1309 	1617 	24 	73 
#record	148 	232 	227 	388 	147 	322 	286 	2262 	224 	518 	3718 	321 	656 	0 	0 	0 	0 	0 	0 	0 	0 	0 	0 	0 	0 	0 	0 	0 	0 	1318 	1628 	24 	74 
#record	149 	234 	228 	390 	148 	324 	288 	2278 	225 	523 	3745 	324 	661 	0 	0 	0 	0 	0 	0 	0 	0 	0 	0 	0 	0 	0 	0 	0 	0 	1326 	1638 	24 	74 
#record	150 	236 	230 	393 	149 	326 	289 	2295 	227 	527 	3771 	326 	666 	0 	0 	0 	0 	0 	0 	0 	0 	0 	0 	0 	0 	0 	0 	0 	0 	1335 	1649 	24 	75 
																																	
#end																																	
